10000
29048
6937
25066
8715
17629
4087
15465
21631
8175
32443
27250
27817
15581
4837
6991
1854
1501
3306
20600
5988
31436
8510
4184
24167
6676
19890
13908
2989
20691
6400
1034
6380
13882
28836
22486
13978
5683
6382
11419
23717
3910
25430
18112
21349
18365
7951
12920
18639
32262
30687
30535
17899
30810
14125
9410
6280
6044
7004
7318
1326
4484
14679
15819
21844
5628
7277
21834
5587
25546
6240
30621
6555
4208
440
10231
5284
1872
16477
28788
25384
1044
28773
20385
20752
3149
1323
7999
30124
11354
8865
22596
30630
31628
8423
22563
19769
11144
28188
2893
19614
9964
17012
8440
8391
821
23178
11295
30288
18912
11256
21962
29875
23759
18470
1167
22459
31215
24927
7513
15675
8728
9770
16744
31487
26420
26327
11673
4355
26020
14680
7912
3043
27871
3922
24627
27539
7004
29300
25921
25168
29107
23304
5890
32726
8447
21703
13592
7380
6278
26098
28823
6813
5788
27806
9225
19232
16580
26192
19638
5402
1817
21961
10530
10378
22252
15139
8406
22374
24751
21021
22883
26252
29969
2740
7333
27387
15723
28659
29765
1859
21339
28939
7809
7482
31662
16550
16432
18417
2180
15993
30720
12774
9902
7960
14083
7035
6747
17935
618
9639
12020
1582
656
13548
24132
15396
826
137
29404
30544
18717
8688
10678
9427
24736
14458
5912
28906
18916
30042
21179
21115
9729
9168
12077
29933
18835
415
116
29757
22646
31680
13812
8014
20173
9048
19347
13441
6985
28392
22042
19590
11944
7107
11998
26482
9339
17350
673
20497
26925
31555
18355
18813
321
2878
24412
15087
21979
7132
26239
19926
10882
25368
31095
12838
8228
11192
28485
31987
26970
18559
20461
21822
5102
18341
2589
25359
2971
31364
11280
13508
14867
9620
9138
3752
26695
27801
18949
22727
17634
20251
15811
7937
13334
18711
20805
22366
19612
27636
4003
25249
9718
952
7453
31520
23544
7292
30393
1490
27526
31774
21806
31146
19615
25653
14081
20771
28059
12362
21998
14877
29616
9285
2953
30695
25787
32549
26917
11165
7741
9716
1781
30388
15780
31482
20081
11219
24013
13618
17403
484
19910
19450
5059
32108
9432
19214
26088
1047
22469
8887
15840
20120
13134
18496
26905
11439
24568
15018
16608
20363
21264
16289
17283
3667
20717
27822
18610
22784
25717
20653
21803
19821
28643
20866
20887
8881
15047
4616
10414
24236
8525
29770
4258
2528
18627
3062
955
21890
32086
5390
11326
26577
7452
17121
18324
17063
13400
31546
17576
30798
12025
20951
8593
8852
17251
22556
19569
20514
31346
5385
2973
23561
30908
14698
12542
25502
27927
25677
7351
20104
18524
3001
21255
7447
8810
23965
10609
28888
28781
11527
20251
870
28768
16278
13429
32642
28112
3890
5658
28774
17379
21498
12027
15191
16538
27262
21946
22394
19795
27183
2388
14312
146
20
12547
7172
32000
25022
4963
14861
16820
27773
18643
30703
20402
17620
11550
9823
18609
2603
5211
29222
27426
29380
18193
32701
3949
25584
2463
25883
2686
23171
13019
30155
6528
14213
5626
5441
15080
17706
17328
878
6326
2052
26263
22418
26615
12408
16085
7506
24975
16495
250
18442
14389
14669
7207
28772
12223
26151
11125
4138
14752
5681
5780
12376
15023
23413
9651
15734
24106
8651
3232
30244
6650
12805
12593
10231
18488
30058
12514
11907
31217
3430
27071
26809
26406
4991
2693
6260
8215
5515
28164
24654
25538
8736
17863
21432
16294
31053
22519
19786
23756
13703
21629
32599
7688
230
1383
29381
29565
10898
24205
26651
1887
12408
12404
20188
10237
4417
626
18196
4862
31364
22547
24880
1514
10042
26044
4114
14317
627
30862
357
8408
25160
5517
20526
12649
28433
5122
17828
24780
2776
14110
7234
13153
19725
2783
31002
7872
26234
2104
3948
28411
378
17516
8823
4387
29286
12219
22927
26381
19537
10048
6768
2133
11765
24090
24018
5284
23276
25034
12862
31535
29988
15836
24863
23424
27277
714
27164
25465
27412
13341
18597
20118
31445
25045
14284
27250
29836
28939
26711
17549
4173
22485
23827
25932
17014
20586
24939
15425
1761
18310
20024
8621
27742
2576
4315
4419
29792
30203
10378
559
6902
12906
3559
87
6909
13079
14551
27361
17045
2805
14481
31733
27601
21012
4597
32196
28083
8901
22560
20681
6487
29184
13117
10062
5998
18178
18845
6707
14830
5690
16139
31467
5640
17254
15961
1735
31323
3834
16703
24439
5479
29377
2662
27854
24644
12742
1471
3013
8595
8053
793
11971
7350
25086
32499
21275
16700
13306
28046
28630
28319
26961
15431
16820
8242
15195
32036
6253
5461
8261
28845
2364
18923
12727
25085
10910
21262
26291
2328
15704
29697
9409
26495
26295
32613
27721
21250
24603
22704
9280
8918
16311
10716
18694
13031
16018
8540
655
12655
8145
19540
26050
27336
7481
24841
25886
1919
31984
3479
13475
28841
13443
7906
9456
20090
15661
5070
14761
21779
32087
28851
32539
21404
27483
26379
25379
14739
19853
9582
5451
1635
15228
25537
12855
22329
17525
32682
15936
1811
24393
15686
13150
5402
1872
31
9803
17713
10926
4184
18149
11982
19925
16427
16341
11784
2124
1430
14702
27378
16046
23632
983
27432
15861
1026
11373
24999
7160
28340
611
12514
307
29573
20139
21266
16327
6560
17178
7373
23489
3947
25799
3546
26783
8706
30132
9284
24593
18659
8624
26029
22012
6635
29307
4837
11716
14721
20268
14779
13515
6929
2768
6419
17973
9660
18004
2873
23535
4429
10661
27253
12527
3951
14357
9184
22717
5406
17409
27765
28722
22620
17840
19563
19327
22053
6527
29891
17778
29860
26939
4893
5109
5543
17615
6095
17880
11601
11807
8760
19920
12558
7219
1874
16063
29388
14744
9863
7477
15465
25091
198
27191
16231
9016
17877
19264
11495
17706
19433
29574
2517
7524
9588
12926
4960
12711
18750
19362
18349
28117
183
31602
26316
28941
4236
19897
32747
13848
20344
10513
24265
6916
8029
13225
28014
3086
31891
30022
24090
21958
6015
23176
12667
25197
11368
32111
27938
26274
3463
22301
5688
16702
4957
16094
17517
4732
26442
23141
24882
20061
23642
25433
26408
20042
19042
26128
13784
9723
8012
23962
19876
16281
6831
20737
2045
799
26531
21967
8151
3334
2259
7121
7770
14369
19155
26139
32731
32454
12468
5452
9482
30510
3798
10003
25709
28446
18430
20210
20493
27335
24744
3138
879
2796
23711
24952
3525
7746
6858
4262
19558
25116
9033
325
18812
13895
7105
13105
29436
18483
22003
25333
15836
31060
11412
17225
2432
1224
8792
28633
22389
10298
30545
32072
11105
21510
10359
19061
10042
9886
3464
30461
14263
14124
2322
8961
25860
29561
32461
23593
7098
5389
1071
23528
526
29080
32571
31490
11593
10896
10138
32332
19320
28
7660
8371
5476
19249
3424
32384
7364
25338
2946
17883
19122
29054
10837
20621
8796
31613
28834
2826
7164
8090
11407
19630
11274
20672
21619
1351
19119
4030
27113
25556
3966
26676
4900
23180
13663
13491
24194
9250
6859
28192
25699
11848
4671
2649
15163
3442
5866
11803
29158
24028
14761
13860
1084
13774
23094
23444
32230
3359
157
30617
16240
15864
27375
10827
6558
730
9017
26837
13060
5602
12727
14038
27601
21836
16198
3847
13292
4407
15384
16157
1858
26279
24235
15089
1118
19408
3836
10974
20794
12690
4600
14698
16980
24128
2355
25641
30725
26021
6876
21471
26126
25161
22001
32741
31092
21488
9903
8398
20623
18276
28493
13897
14685
11124
6377
9289
27164
30525
12483
11108
10263
1448
26025
16505
20672
18996
31154
1942
30975
17142
31791
30233
5834
19422
24543
24597
26870
14139
16738
29943
4428
20353
29168
28521
5344
9802
6731
31862
13982
21660
2546
7663
24614
4202
1688
3086
3290
15197
12244
23130
27444
20180
19226
25546
10334
18729
3050
16941
6652
54
11335
21705
14924
32023
26987
6723
10866
17714
14521
25023
12045
13429
18675
5959
23310
19679
9133
12145
23754
8002
770
30268
8526
12615
12165
17724
16882
1202
31354
25847
28721
9191
10311
7566
21431
22445
24357
15008
3772
27187
28187
1643
23697
6993
45
52
32376
10767
4049
20969
27321
5995
11938
18694
29170
1623
30040
22197
20143
23810
12280
23353
21306
2904
6728
16524
10677
6860
16518
10311
23141
27477
22617
12483
3153
16822
9736
5502
13324
2819
16874
11968
9423
31073
21022
5246
14282
24077
3195
26750
32188
25760
5322
3004
11970
5009
2867
17165
19564
13819
24310
3842
10774
4768
14684
15119
20342
5167
5356
26604
26993
18114
21729
5436
15667
20139
28892
28269
20862
15472
2263
24287
16962
25108
30042
12616
29295
3480
10225
15959
4103
19650
28637
28311
7799
7709
30474
5015
31527
13121
2881
23624
4176
10324
1951
26790
10766
21713
29254
16538
8630
6536
8786
12831
21353
20455
527
23205
4585
15991
16745
24498
3244
13993
3235
6863
23599
16339
6988
15522
10381
29558
11119
11096
7760
28354
15627
8262
9607
32092
8642
18639
3865
24926
13525
28296
11352
23712
20304
27290
1241
24374
19586
26728
7812
32569
12976
15218
3047
7627
21515
19577
13519
23893
31710
25061
3354
19731
31756
18275
11719
28115
11962
6354
1103
29689
16457
13408
3128
27335
21895
6128
18151
7387
25126
11712
26038
26105
17261
19528
23110
21003
29485
28005
16663
11622
26359
24758
23125
27215
28556
32070
1269
32702
11413
5740
28673
9570
26772
14320
30256
4324
28955
28015
22458
6256
16188
6401
18026
24178
1088
7448
30709
27293
28315
23980
12938
21554
15136
23701
1962
24959
26226
30008
12602
16550
4795
31589
17623
15775
30112
16768
12649
6528
25204
18911
15099
26364
17579
10100
26826
4138
7826
20908
6555
27016
24638
28566
12882
30272
10946
24136
6849
16810
21414
30335
31934
29201
15508
21893
31096
30906
21331
11608
18699
802
19962
24584
30801
4488
30557
27233
14587
22187
8140
25034
30689
17621
1533
2413
11671
27672
19526
17048
7489
3544
19983
23651
30120
2442
27016
1684
2189
1722
4503
27583
3133
83
15381
14002
7013
5403
57
1808
26408
16765
31060
6459
20335
26251
16831
9591
21888
16963
6674
14925
7379
15633
4247
5678
28192
12438
15615
17497
28861
2984
25683
255
3623
30618
6445
10404
13279
25277
11303
14024
26487
5158
148
6087
24812
11442
6510
20990
7990
14664
29328
18991
11038
14942
31269
10022
31824
17599
15969
6301
13489
8075
9071
1374
9714
895
13738
25767
21862
24438
27663
18130
29200
17968
28402
20789
28929
26963
14065
12616
17377
17839
6183
19205
24011
25798
3490
9877
31326
22412
22806
24872
23312
20075
19154
9509
28358
29322
17908
28035
6050
25679
21721
6262
796
803
25048
3407
18517
25205
26672
31133
16551
4097
12606
27033
20097
3922
29172
16321
1650
11909
23686
20418
28291
6225
31334
8347
18378
18244
25203
6656
5692
15951
8046
8444
23235
10885
23213
26587
13201
21024
7955
30023
22195
29893
18495
9905
6889
265
29188
12787
693
17203
31769
27187
32178
28995
30226
19466
21543
14388
1935
5349
28892
11903
10420
27052
32044
20448
16089
20642
860
26204
29058
653
2859
1155
19345
22294
25770
29939
31930
20594
5454
17181
20280
2626
6980
16716
9662
4024
31492
12259
5553
23804
19241
27109
29076
4046
12928
15035
22468
2924
3167
16690
6501
5046
10040
964
3484
9104
20845
6680
9470
648
10342
4044
20809
23993
24034
25713
5458
26606
26506
19671
20799
17675
19660
6539
7926
17577
1766
26271
21206
12289
10049
30889
29860
12043
14337
27406
17608
2279
2778
4993
8633
17275
27173
16070
25014
26206
24627
10940
29879
25844
2273
24986
25251
29659
8556
23161
31171
19846
19079
787
16759
10792
12459
5834
1319
28372
3759
26348
2941
22498
16024
30773
19921
8852
19634
6549
17381
31226
16608
22580
6099
11026
4656
29876
22083
25652
30898
15798
28385
941
4491
29599
6415
14763
2373
6556
28886
345
16489
22499
24611
13642
7760
21308
10288
17179
1590
7616
8000
16980
8848
9441
30351
29328
31391
16555
7305
25822
1606
18506
3898
21606
13337
20427
13062
29264
5558
29479
410
10465
9816
21117
9506
6631
24489
9119
21436
23640
4312
31952
32557
15670
11244
15564
11476
1973
32088
13321
2524
6304
463
29501
4021
16633
20057
25376
19652
15328
16039
2419
9561
15285
23971
8001
8418
21121
15436
23653
5983
14738
10945
7244
21270
15462
1947
16380
31368
19147
6528
29013
22179
30275
9974
11159
18745
24237
16500
11557
1969
21026
28863
13961
28157
9246
18292
15031
32204
32736
29152
25750
24064
14867
22040
5564
28258
26029
25670
17017
17300
12312
4674
20248
8008
18576
13666
21089
14512
22220
11922
24931
26933
17632
7335
18544
4460
24674
2288
21864
19014
5835
16910
5947
13959
20769
22790
13993
2169
13011
29845
19532
4065
16357
28356
22489
25650
11852
28859
15523
32513
26268
218
26464
23225
30688
14086
304
27024
713
2881
21467
30905
24588
29310
17242
21467
1541
15795
154
15555
29088
28463
22908
2902
5753
31278
18976
2505
6722
8363
13155
24852
24422
25461
23206
10659
8939
14469
5842
29775
12701
31631
20120
24462
30825
19671
11262
3302
29703
21062
10519
2728
17372
3773
23057
1498
25630
17321
6262
22645
21305
4312
29611
18385
9841
18059
2749
1885
20937
7628
13148
21395
10020
19201
4648
14635
20651
7874
2092
23695
19054
10472
6568
21904
8014
4582
12820
29527
27930
7773
26977
31902
29688
4330
11906
16416
13575
24131
31531
2381
25666
26498
29913
19779
12712
11968
7954
9210
11674
14822
750
25022
19588
6080
28630
25827
19903
15187
14732
27572
2486
8561
5995
1708
27464
29834
2289
31465
6254
8901
25466
10461
3614
6735
27982
19271
13167
8179
10718
8801
10237
29676
15179
24411
20879
14583
32040
25609
27895
20908
15489
10969
9786
10253
12572
27399
31729
4960
7166
19732
29167
20538
12081
17268
22308
16093
8901
23431
8897
23491
6933
6858
11421
9851
17484
15439
17624
27316
18215
25194
28350
8088
31484
4270
17134
20827
30971
535
15547
18707
29876
12169
30418
26314
32217
6777
6941
25041
3909
12266
2536
25432
3902
22428
31811
12092
9463
896
9639
20256
1881
21358
6364
29631
10499
8474
29721
128
26000
2117
6254
30028
5144
16176
28767
10908
8953
21334
2514
5078
8407
7770
1835
31705
22241
1855
11189
28630
22614
25559
1860
19555
11080
3710
1304
8394
28321
1032
25093
23719
8547
7671
19921
31666
28468
15601
15326
9177
9753
30578
9992
27026
14722
8383
19665
11887
30343
15387
9148
19954
19825
12348
4342
3236
21628
20224
8507
32097
26587
1373
18680
20726
2813
18326
28589
17390
28431
3509
19094
7848
17090
29749
19082
31661
12110
21759
8483
18497
9911
27800
8479
13112
26446
24472
32262
32267
22652
13406
12045
25643
9403
5378
31035
3221
13541
28043
25802
14759
28849
14946
8656
11058
26746
6919
8223
26320
19523
32003
24169
23160
21497
29470
13480
3407
31991
3281
7612
21185
16592
16894
17494
13265
10568
18143
22294
685
26019
23613
26608
19590
17699
28642
23252
7582
15052
8528
10126
19363
20074
32435
29419
14907
7893
3605
17181
19936
22900
30417
21344
238
19200
24394
19166
20218
28042
21212
23248
27238
6080
17427
2023
28722
12652
32539
8938
3605
4413
8312
13472
20173
26570
25591
24816
179
23508
24549
1351
27282
15307
126
5690
17081
26772
22440
109
7247
23946
5346
4275
16103
31171
14711
10102
7252
28308
23799
15194
22719
30551
5607
28445
6391
15979
23224
16066
2823
4989
28406
2030
23822
22278
12482
29074
5707
16149
23170
30410
1656
22863
3287
6405
16217
28212
13520
32103
19604
10660
8797
31083
7619
11425
25350
21197
22216
27734
13532
13991
31328
600
9648
11226
8956
21037
12932
1199
15820
10251
31551
5054
31772
13537
24229
10255
28387
2972
4741
5248
153
931
3124
18022
16714
9379
19771
12151
14569
32658
26701
1768
13286
6382
21116
9682
15874
18502
21676
730
16227
12540
12615
4369
28643
14409
21042
1561
5294
7297
4864
19338
15372
4505
31590
8083
27515
1766
32239
10469
29697
31271
3825
460
24768
31686
10176
32415
13259
18523
2593
13147
25912
7026
22530
31883
22647
8078
21352
3947
15330
8046
23208
21836
1684
23694
29914
5690
2175
12017
651
14045
16569
21022
26290
3485
28183
873
15333
4873
3581
21875
27085
29050
15732
23796
11992
14323
12413
6840
29229
13388
13222
18152
29157
14480
27610
24971
8568
20387
18557
11340
19573
9512
23481
29054
20855
9377
3346
15453
2388
5080
23105
26263
11927
11391
6719
7947
22833
30995
30368
19920
25195
30982
3874
31097
17695
20508
31622
4503
20008
1302
8094
17024
12567
5006
1448
13903
21799
21794
13018
26412
28276
1492
10814
26318
14183
26545
4544
16189
24181
18865
11654
20701
31753
30175
9599
20904
9406
19129
18751
20923
27602
986
17930
26900
27096
30166
814
29338
7084
16742
6294
30813
11692
16837
5021
13600
1829
14937
32288
20245
10764
1942
23511
12263
15087
22304
4581
7677
17706
11055
27821
31486
3934
11576
14312
19344
5151
5066
7412
27750
29421
8118
15215
6265
28006
29810
12293
9365
17593
20415
32134
5144
2910
25738
3132
27383
16133
23824
13179
24833
16076
18502
377
23144
29108
30328
13664
18813
12630
2352
8098
23995
19666
14937
23693
9223
14345
7844
7455
31798
15116
26411
29211
2000
13779
26197
19804
30227
19507
23545
11626
20795
3594
19654
10059
12545
28605
26850
17052
30306
9956
17873
23520
29857
16195
28569
279
11151
31741
5411
31891
30474
22788
21477
519
22468
16596
26302
12769
14662
19041
15393
26329
22836
4941
14198
458
13266
2655
8637
10177
6599
15921
3445
9812
21281
1064
12732
29238
29594
2985
183
29704
17433
12682
32052
6001
25980
10183
5006
20592
4245
17783
31185
2801
6002
4862
23327
14495
3042
26243
21075
28922
12084
9381
30691
22441
3906
31081
1803
15633
29871
7543
24104
11558
1644
31623
24162
24705
18049
18966
28301
17332
19466
27997
9553
2266
24191
13699
24201
30578
22073
19730
16362
28269
26162
27560
28901
19589
13069
8431
2510
13009
23382
19406
32317
21910
21770
4577
1717
20321
17498
27431
19843
10834
12204
5627
25321
5051
13539
1862
15484
28138
9184
10994
17355
13378
8776
2210
14401
26001
15496
8352
26701
26781
2071
5398
1471
7936
15099
29570
6518
6710
23695
12900
23096
9973
29571
14137
27361
8892
21796
30893
17344
20399
31198
4365
19262
6818
31487
21755
25024
1908
7613
16997
25807
14238
3963
23480
28023
16139
14152
17232
19948
15147
16553
11060
4724
24643
17304
27904
2432
28935
11724
24098
5916
21610
20795
13385
22410
15797
15326
3611
21802
6870
15540
29735
21918
15611
14857
26138
554
28512
15608
18485
28513
28773
22063
17662
18430
228
16370
30518
7952
32193
24931
28684
11610
14275
5888
28048
32249
32162
25709
21866
20039
3169
29556
18380
9472
23005
1098
24229
25763
28071
13075
27928
23835
15375
13993
21292
8351
14209
31897
14789
8151
3093
18031
19155
20800
14689
11316
14793
26577
32402
10292
12369
23775
19643
4101
29501
20798
13164
7876
21441
2473
31623
29858
16608
2659
25679
12191
3365
5663
14018
406
15507
5150
9001
26490
28382
8599
7405
26079
14812
21083
10412
28348
2102
25785
20620
21615
20579
27807
13007
28161
14295
14851
24232
20652
30327
32385
29517
17050
3665
30278
13646
19184
11146
6188
3621
779
16535
4390
10766
3337
12976
3807
10265
21388
10882
7582
4221
30394
23845
7533
1327
2697
24909
4730
24755
2617
25796
21693
14131
9506
22040
25307
28110
18607
22161
23627
23602
2987
2149
26295
11373
24251
3375
677
27904
9772
18590
4950
2357
8431
15210
7662
7091
16610
2701
982
20304
22610
1711
15455
16934
16573
18402
20904
7913
24284
12687
9409
24696
10208
29360
15632
29617
3069
22080
9972
11146
27173
30704
9641
15197
28950
12572
15468
11140
4502
20989
21215
31782
26109
31520
30894
27216
13045
11031
3187
2888
25982
21614
18903
12830
12853
4065
762
21379
14805
16075
2326
23518
22270
12770
2143
11165
31029
10274
23341
11721
12589
14855
6236
15582
21060
1279
24819
18905
19793
11039
12549
31122
10397
31509
14293
11340
14639
21598
31549
9099
333
7097
19025
14886
22591
21467
17215
25244
16214
11876
28794
24491
2093
10514
16663
27423
12335
2868
24695
16105
5465
22370
12582
13424
26689
1388
28419
28204
32600
6288
15521
16240
28524
26096
8174
18055
3441
8003
12818
27907
15744
30154
1690
16978
13088
27013
3542
25746
1733
6312
30335
27558
17558
9033
21149
2698
22643
30555
936
23267
31543
6367
12782
1755
1338
14937
21300
17707
18971
14721
1184
23417
25020
21564
15319
6885
653
10698
4962
2783
20750
23617
13910
13883
18575
26170
12084
20103
8506
30922
7694
6556
22356
30132
6635
23923
14272
23004
16749
15930
5573
11263
16049
17063
3601
17314
17015
29325
31485
31816
14979
17325
32274
10472
18243
18638
17100
23454
13489
22288
24223
21921
31355
5501
29240
13173
1889
10977
28677
10594
23519
32219
11255
25636
14349
15157
6279
25060
24771
5745
21751
22375
16384
30884
28890
30086
25741
4488
2262
8926
9437
32460
8361
32200
26936
32174
24170
14988
24857
23244
2833
12753
10196
5175
31802
13144
7291
25034
19238
28906
28931
6074
32003
5519
13475
5997
109
23809
23933
17040
9268
16224
5504
9316
27488
1319
20109
17752
25202
22367
25048
23773
23021
8211
16018
21878
10773
20227
27589
22286
25591
22172
24959
19343
5033
29992
32050
4528
30675
7747
5467
21007
21102
6286
28770
10879
14028
9127
8897
9123
30937
14936
6249
9404
8608
17678
19809
22975
3345
20621
31153
16299
5377
7395
13438
19225
28018
6298
21110
23828
5653
7218
879
31276
1293
31183
29514
30662
28406
13614
29214
5046
20518
30685
26515
10768
6962
5548
5515
32058
12468
13663
28168
17478
1100
29093
74
29567
4837
1614
16695
29506
3642
23992
13056
14608
24984
4746
12290
30432
29669
14757
23786
21690
19169
2136
1565
26753
29612
10963
27735
24593
21641
24287
17553
4490
19425
9932
28457
26090
16523
10410
10813
20962
1866
3516
17239
20706
16791
30249
3152
5751
6561
21749
5998
27094
32659
18480
32464
24505
19477
16749
15116
26217
27669
4726
19734
22556
31175
12862
16228
1922
26346
19991
16975
31387
7246
31525
26557
18379
12947
7187
16893
18736
10291
20228
27122
6707
14531
30669
12404
4957
14709
14945
32499
14445
7906
31116
11101
19623
4102
11749
17218
366
10892
10494
4663
29461
23628
6365
26488
26611
30227
24496
24273
1461
23458
5052
12478
28920
29945
15255
19921
2840
17621
6807
18772
16962
18551
8586
22320
10193
1191
22439
24845
16599
25593
20421
30395
17657
19023
32203
7632
16257
415
104
17555
18094
25590
13060
23577
15694
26301
7158
23982
21135
27452
2807
16247
13331
30812
31702
7253
9794
16817
4462
4875
30436
8119
15574
8356
32239
23900
25815
31247
8349
32447
8611
10509
2754
25912
24771
28749
4701
29848
1362
15060
31085
7602
22633
6819
518
29210
24026
6804
2211
9516
24865
26502
6334
7760
20119
5305
12190
125
11497
32635
8561
19196
19145
5637
21658
30575
29923
1440
18252
14609
18451
5132
4952
16703
29653
10273
25667
11576
253
17847
5020
289
28840
196
24460
21580
18290
11204
28591
4793
22761
17758
7202
30685
26434
26948
10974
9891
27467
18523
30532
689
6305
27676
14328
12012
29219
18746
22259
21822
678
25988
4052
7063
3563
5390
18551
27185
19918
4747
22473
26393
4031
30462
11995
19179
18038
21650
6197
29404
25571
30917
364
21502
3940
6604
759
13248
3131
29491
6718
18868
25663
5573
18932
11926
10961
28331
5287
15497
27666
18904
1429
17571
7252
21412
15298
15788
7118
23990
11079
20515
8851
27432
2285
25474
10437
18406
5114
4292
7941
12119
12875
7715
2863
17984
4771
26662
23876
27621
18755
23515
4264
9841
6843
26209
28046
11927
26879
32170
32432
24186
30397
9855
3907
1994
29934
7109
17706
30000
3756
31486
11114
6893
26435
6675
16606
15038
16010
27216
24364
32514
12148
3248
3575
20766
15586
31579
5718
28449
8379
27757
27269
1188
4415
20985
13787
19189
28824
6990
10492
29812
6834
7032
22096
26428
17741
14602
12980
2822
9809
19227
3695
11851
21601
18319
6759
18089
5554
9880
19861
4232
4382
8059
16054
20989
5492
8856
17987
17647
27411
13477
31908
27768
25527
3898
26785
22925
7314
10898
29209
8930
9887
5264
27894
5128
2355
14592
20576
22488
21205
32544
28209
8725
11343
24670
16041
7245
8709
23652
5220
6656
6022
28242
19592
22533
6497
26442
20291
19240
314
21042
29813
16920
8220
17589
8361
24193
25361
16779
11850
10613
9712
4091
30484
18192
10359
11422
4552
3420
22937
14181
6180
626
27929
733
2322
1506
28504
10418
6944
10581
19308
18291
4912
31857
30577
19860
29552
20477
15140
30137
5773
13382
17582
22578
2852
14017
32701
13761
17274
8945
25305
24484
28012
19083
9974
24783
1705
6361
7493
19578
286
30044
5968
21979
2994
14773
5446
5429
21300
16070
11923
7697
20369
17684
26804
19147
29003
15471
28746
24913
17190
11990
26733
29992
21541
21141
17474
10928
32180
1968
24272
16296
23079
17540
17679
31988
32611
13740
26178
30110
20955
5410
7815
14108
959
31910
20397
20177
5231
14180
31813
18646
25654
22225
6396
3065
12341
3798
2088
14086
2717
7472
29600
25414
8994
16407
30929
28742
29612
29
23310
15577
9551
20826
12328
29024
16765
20422
15167
16201
890
6886
27095
14806
24081
5291
10030
11296
2438
1943
31182
4187
11723
30753
8030
3163
31990
9563
6845
5975
20979
31954
26706
11502
10102
1461
19613
12647
31540
1850
28946
27453
29011
28222
17192
13787
19487
13868
18861
20900
3070
22815
25692
30006
19366
2891
10673
1008
11405
17817
22268
3506
26529
25489
1717
31715
22074
22653
8463
4025
1869
16331
15055
5556
13538
19636
22111
29292
11720
23835
15134
27789
1927
13240
22267
22560
11414
7541
24130
1804
6862
1560
7605
8924
26143
16419
13023
21442
21378
1016
7845
22748
8238
27201
26142
30135
18703
25999
13733
22802
26228
32577
14892
24804
28680
23464
9427
24480
32003
18793
3257
18103
21665
24610
8977
23134
25300
29264
28025
21139
25909
22128
31368
3418
25665
19300
17574
13901
19650
31769
14113
1875
15755
26215
2429
1712
23912
10552
25867
26174
19797
32237
2237
26617
2798
24829
24376
27585
22311
11743
15147
2652
30013
12843
11743
25019
21997
31740
11280
30334
739
26520
29948
20154
24181
12371
28601
10745
2961
2224
29387
31362
4596
32202
10742
987
4765
10738
3665
17037
8322
31386
9372
295
4481
3442
30163
16005
23449
26832
30211
18770
21082
4949
19805
13516
22682
20174
14217
2759
23146
31320
27965
24309
9033
24520
19469
10084
25751
28745
12421
32328
76
13383
13941
12539
27625
29324
21388
16450
16303
21161
40
13778
17935
32408
25197
29459
8035
1951
12181
23843
19931
4727
14214
2590
15802
3758
20138
21405
7618
32074
2555
29308
7148
2735
349
2017
23133
32707
3121
14201
12438
20047
11303
14085
3307
15529
6739
30486
2614
29840
10884
18708
3532
31063
30929
9861
432
18758
5492
32140
32519
11837
8924
9904
31948
410
6653
26591
22213
26461
10475
10419
16566
17546
24487
15348
31188
29903
7992
25181
21628
871
32510
27299
26149
27454
7236
4787
29588
8790
2068
3643
27983
29801
18255
22125
4179
28880
6397
9984
32521
28579
30433
19575
26231
29218
1104
10149
947
25171
24388
2673
7582
30189
1965
20951
18126
14453
20743
24879
31692
167
4657
25266
29056
21783
1917
28986
10217
1048
6916
3913
5394
29405
1852
3917
31809
26590
1996
20770
17777
21629
3230
30937
26882
25066
9014
696
17328
17732
2627
22657
26306
7937
9076
19448
14467
27023
14221
6815
30966
15163
16570
24260
32454
24403
12067
4541
16508
2695
23488
883
32244
11925
7535
27421
7698
12582
13380
30030
5297
2546
32544
29490
25820
3115
12165
3860
4929
24345
28584
10788
7394
27138
11976
18296
17934
14156
1983
10320
21904
4837
30167
32158
4134
26595
19422
21190
2101
8552
8573
5538
5562
4809
10949
24521
2692
10991
11787
25873
30369
30461
3062
11090
4374
14386
3542
28525
6355
4370
28215
23437
16869
3520
20407
29357
750
2991
5652
21851
22226
17529
21897
17339
18100
15
19547
206
20513
12819
6831
31476
31626
1666
11422
23984
14072
8598
2699
28844
18683
5867
948
26621
28643
23520
26376
2471
307
14656
15929
19556
7507
34
16145
21409
19333
1549
26377
27850
4634
11360
29976
29127
24294
30449
13769
13511
21489
30197
21904
22844
19567
1824
11614
15910
11763
12813
15731
23957
23007
9183
19060
17769
21279
3625
20669
3421
27671
27915
16888
28228
4313
30878
16622
24210
412
17810
20382
22557
4458
22806
9100
11045
15640
13304
5212
658
11899
6414
22687
32126
32729
4820
1261
499
21406
31830
308
11510
5200
4433
26703
964
28869
18837
1499
19035
26772
941
26182
9020
31945
17090
11560
23664
22749
957
9687
3529
2021
28076
16950
27754
2569
24935
31693
30601
24120
11379
19231
25204
21530
25382
10551
24530
14918
9740
20357
12844
15542
22154
10728
9644
1911
32449
12044
22308
421
28853
4854
27729
13463
24751
2013
8546
13143
32480
316
20404
5717
21574
11557
20960
24412
26324
6104
26871
22980
26829
11668
1804
19178
30577
3757
8947
1757
11483
27103
31049
15706
2346
20706
24244
4859
30431
15166
1900
23211
28294
11105
26619
861
32153
10735
4929
3582
13473
2905
14778
8103
16542
13233
11780
1048
13225
19645
4763
13410
16600
8778
5352
13795
28514
6338
22906
25975
2307
29185
32147
749
18338
21605
20966
4280
1586
18468
12959
23527
30934
7907
8356
16472
12360
31108
26
32040
27771
24639
8236
11629
639
8436
28679
14632
22950
26559
1321
21109
17381
17870
22236
21253
13692
6767
21245
3534
8153
4717
12290
26881
29626
12701
8252
21565
3731
6836
19032
28418
5935
2395
11052
29544
3481
12934
17585
14609
4669
32513
15947
25692
10315
21579
23121
5595
30556
24488
25801
11784
20568
6002
32627
31027
31127
26288
28426
22463
1606
14058
19910
13966
15629
19515
18213
27578
20974
10151
16619
19334
30577
25519
5479
2452
2814
16163
17145
14936
24714
19000
13521
2252
29046
27098
2297
29797
29363
9539
30614
11078
5675
29133
16235
21685
31580
28932
15262
24523
4934
21760
1727
10863
31624
24306
20230
5253
5318
11260
16348
21346
22605
17478
9373
6531
12538
8270
10397
26239
23384
6271
22633
4923
4360
29446
18511
28253
870
993
1056
32003
26985
4920
11316
13236
9419
32241
25519
15255
17002
17535
29699
6114
23023
31738
18870
16278
4269
21877
11878
32618
17356
12172
25610
14340
7590
26172
1402
19567
6769
21752
20530
21706
16415
16120
15186
26941
3458
4565
32746
6450
25780
13907
30325
25281
29878
25469
28067
15979
26199
10232
24156
4876
20567
7569
8449
9739
14029
31512
2037
23508
6598
30833
860
23688
22319
14568
12834
28914
25589
12229
1087
11198
8298
13088
21050
13029
19435
12535
3564
15724
23488
14974
28807
6478
14659
22966
18903
19895
11076
25921
21703
11634
28333
18037
13606
28069
16994
26031
683
5308
27243
12522
1335
21923
28245
28816
1627
11064
5845
24207
23578
18432
28335
13232
4336
11800
19158
7973
19731
879
7637
23648
25848
30259
6765
23340
12569
17801
27008
11766
4854
17025
30510
12907
19289
23881
6973
10313
1503
4769
8382
10862
15796
19854
28909
15926
24478
4435
25946
27907
19773
32669
1350
7197
9617
3838
12880
5821
30396
1436
2129
32356
15625
3115
29828
5489
21294
27928
18410
6131
14286
21511
18668
5820
19522
8576
2115
2231
28825
9957
32021
1659
8413
24232
11360
25631
30616
29882
24476
7504
14743
13127
11932
18338
20206
10144
24758
32548
19773
4985
26915
311
30513
32340
680
27040
21837
31549
11894
17883
19434
30392
6736
29362
21116
8440
12779
30735
12312
18513
24474
22287
24883
14320
16427
32343
2733
28362
19979
22699
7694
17106
18353
10685
4879
17519
21818
11586
23132
30253
12625
11339
28056
11443
22866
31955
8353
10997
2223
8084
6166
20138
914
28704
2327
24833
29892
6956
9804
24463
25293
20271
24105
20876
93
23340
20080
32064
23530
12235
4343
4536
12955
30383
17835
6333
27237
13316
32213
17671
30580
9815
27804
28845
12492
22699
203
24544
22576
6857
19413
7129
22850
21463
23063
31248
1005
25388
24668
9135
17920
867
25254
12614
10267
25518
14380
11968
4559
27501
4255
7062
6401
23552
24241
15170
24719
17625
19416
18935
18999
32213
6479
27023
32692
7116
4703
23237
5929
4967
29660
22180
22211
32305
27890
7231
23450
13809
7458
1699
10201
14904
13191
16138
23583
5174
4958
24401
8229
11473
8645
6316
32416
18681
8387
12953
14441
8245
15241
30226
21211
16770
10231
22791
25980
14942
354
32267
27360
13344
16533
23630
6347
31626
29973
9163
918
9889
9130
12738
4308
19644
28186
10601
32053
1244
26680
1247
31146
7739
15901
12897
9161
18216
4022
4544
23924
5649
9599
26130
18357
10466
25229
4008
25837
20110
6098
8769
9774
28394
7325
11133
26597
9410
20576
15765
8636
15911
27062
4680
19902
5894
13988
23065
19132
511
12831
2999
15856
13171
4815
18365
14305
25311
14099
9371
8326
5737
4677
30420
11950
19641
32575
26987
28320
30986
7198
31383
7166
1409
4934
12478
21231
20413
30118
7073
23676
21423
2621
30165
6715
30892
14044
31346
21803
13504
26158
17167
29664
31302
3831
16877
23520
9141
16537
11378
588
20925
22748
27097
28611
28563
18158
23081
15235
20873
32681
2403
16849
8673
1813
8960
6556
4067
13102
14746
3421
29997
3047
14058
6977
25931
27758
2034
16522
23431
18866
22907
5170
31490
16931
30914
29906
5380
23224
11375
19907
27025
3383
6598
14211
22077
2993
2593
30554
26433
23883
9374
8765
32461
14405
28693
26354
1696
15668
12621
17269
24535
30610
31087
10651
1282
18297
30906
22261
4733
6316
27001
25591
10494
2775
10034
20057
24170
28440
17953
702
12525
16061
16100
10644
12361
28496
632
15163
20846
18385
2660
8041
8268
6978
14644
23501
17381
3177
7977
5618
2214
16081
30511
27751
25847
6418
28687
27421
11281
31826
5606
7952
25359
5388
28630
3369
27720
10512
9723
4195
31965
1739
17313
25390
4238
31177
27060
22545
20434
26744
1399
1426
7206
32559
24441
26970
13989
3182
5830
18069
13529
29288
23642
17304
14289
20926
731
2758
6515
20878
13959
29364
1044
10412
29035
29067
10310
19503
32725
24494
1265
26416
10509
19869
30118
32718
20544
28954
31535
28021
8637
28042
29291
1121
8292
31645
11609
6749
10074
13361
8818
18641
13314
628
9788
4091
3113
329
25372
16253
5249
18414
875
18456
27473
27099
16845
23223
7018
11757
21438
30895
31581
16579
25198
22853
3307
26217
1487
18545
28861
28467
30188
25313
16982
29676
26236
21313
28741
7472
16567
29882
25759
31255
12136
32440
4524
10772
12612
7665
14049
24092
9594
7843
29198
29962
1675
3100
28889
14146
18268
27008
22123
30100
1674
26567
10601
3940
3069
15621
24102
9224
17600
238
20759
29554
12559
12953
17799
12815
30898
19332
15499
21486
6538
985
14393
4901
25706
11247
16149
13681
15400
16148
13260
21788
19187
5002
21797
12580
8678
19407
31284
18585
30430
27937
24273
17735
29833
16194
5192
31125
20672
22905
27218
30125
7447
217
25668
30685
1458
15301
3719
15421
29274
16052
18504
28563
15823
5682
21872
18803
30560
12840
19671
4523
25274
13916
14004
5342
10750
13371
28505
19566
30230
12759
8733
15775
24904
8748
28825
21498
30731
12967
6679
15088
15386
4585
14151
31424
24008
5064
24116
23707
8083
22166
17015
23045
6139
19878
9642
7038
17813
21773
11296
19042
10587
12966
27091
14862
23366
10329
15262
11332
19743
31644
16557
13521
12178
5689
2097
108
11652
9298
18264
738
29094
21411
11132
20592
10826
6152
7323
9840
32630
6463
1031
26425
12087
11758
27486
3392
17464
2024
1981
22915
6803
30124
1329
16679
9959
23855
9838
24159
13227
21467
3268
26769
2242
30679
15438
30644
12623
28297
12397
5885
21450
11353
5236
27322
20564
27064
29861
28030
6471
26977
31581
2174
31250
29663
3723
2875
16452
11344
24934
18017
31462
8808
20064
19951
17422
17849
3413
9881
18609
7729
6665
25195
697
28132
24273
28846
22871
8203
30608
9487
7067
10573
8421
14846
2370
15678
10147
21077
24015
32038
27778
15930
4573
1027
20500
1862
18099
29649
6906
2023
4121
26632
13911
4610
4202
29031
18565
26845
6891
32496
2567
4669
20571
22580
26303
17099
27083
3280
16225
27068
9648
32056
24360
8113
2871
24755
31176
31964
30680
27815
17827
6757
11054
279
1599
17164
17670
32362
6904
5903
27062
10350
26098
10062
176
15004
8018
19373
16726
4510
26798
14522
528
3598
13505
6288
32156
5249
22372
11003
678
20164
20922
12508
16793
4709
11946
9935
11444
4213
914
4876
7776
12941
26937
27275
14785
18703
262
20844
14731
28334
23152
14997
8471
17713
19638
10909
950
28531
6352
8681
22085
27823
26533
29204
32513
14586
30846
660
6045
22289
5051
18587
5522
10069
5573
30268
19639
12308
9795
9423
17
15114
28561
32406
29932
27688
27245
11169
15402
13716
4596
1518
9692
19696
5070
22741
4879
1503
20645
12195
6632
13765
16603
30598
12276
1231
4476
30889
20153
20532
3441
27295
18065
442
9975
10245
13240
123
13648
17763
18851
7913
15032
3924
26771
10768
18075
13287
12651
32283
18437
6980
3006
17434
25690
13203
21037
15618
9799
13337
6384
15861
6392
7076
17074
16836
9100
28202
22434
13235
14534
30125
21191
22396
12037
2657
22931
29334
21622
9745
4540
6838
5000
18111
2375
19863
15264
25739
25830
13815
16911
32470
18563
16866
3905
1190
11805
28210
11318
7244
7891
27479
25654
3653
574
32596
11969
22367
30724
18698
30150
9756
28586
18617
3093
18267
29354
20932
26645
17973
21702
18868
30394
17190
16027
22656
6834
18029
18041
28172
11231
4533
2930
16623
2826
13556
1713
10873
7638
27284
1806
1013
18162
32465
2783
26923
11923
18018
27664
1065
28450
26715
4726
17987
31281
32594
8288
12889
18868
21952
19823
7256
12654
16811
25512
515
25769
25474
4808
24820
1066
19529
3543
11741
18532
20213
9984
20756
7148
282
23968
19535
14893
11971
4765
28076
9821
17825
22265
13300
3760
31593
2215
18464
28619
13175
12701
12316
3195
26551
23850
7884
3495
6341
22410
1357
24195
2387
3000
18813
6407
18636
29571
17853
5792
20790
19940
30197
31013
15453
3983
30169
16396
21550
16840
13419
15838
609
17272
193
488
25435
8320
21513
2612
82
29517
31946
20919
29874
1196
3949
3788
703
7648
16379
13793
23420
16627
2344
5232
7628
15177
17553
6194
20696
18043
6210
5775
23984
11106
23931
10328
19509
7025
25780
28088
18230
13384
15070
20072
11225
24967
21484
2595
10301
4320
16018
11610
11613
27761
17740
15912
14392
3920
8355
13704
13871
26727
7852
6342
2222
16258
25553
18227
27662
4262
10451
20509
17850
12709
6672
25854
7569
30191
15362
15348
18060
17579
30985
30321
31393
21766
15466
24628
28135
1227
16023
6776
7418
32053
26289
1899
23201
6657
25931
2529
24750
18118
27761
27978
26662
18057
10472
2529
3234
6540
24760
31015
32501
30056
23272
28304
19215
859
29833
2172
13602
22755
1782
11624
29187
24204
857
18790
16082
6406
26481
32714
7133
2170
28563
9511
11970
4638
10735
5498
4052
10248
20245
15012
1728
9024
952
22302
31345
1048
26545
26856
6192
3264
5702
14530
30224
27157
31661
27039
13449
24250
9164
7255
25443
9322
26179
31644
11733
30604
5036
17455
4591
264
2081
7507
10037
4698
18175
21891
14477
26597
1002
22368
13659
25993
15634
27373
15850
375
19124
5886
20238
20804
2019
14062
20743
27965
30856
6289
3497
7675
4264
13929
20922
2103
229
25117
15772
19167
11336
29478
2347
17256
11069
19916
16105
27751
32735
22097
12889
2651
24438
9324
13736
6861
13630
2809
21138
14748
17003
18414
2692
28818
32617
28817
25086
9530
8808
28136
15164
6390
28440
7537
17429
12108
13233
27156
31523
28289
5943
29014
4132
28265
7420
2255
9120
10621
358
14302
10701
25646
21490
31131
29871
7801
29305
23309
10627
17340
18867
18846
9566
3272
32505
9675
5394
18487
26447
28192
17489
32000
28577
5732
26645
6984
23117
24337
26686
12155
30178
16647
27773
19356
12583
16768
12402
6873
12384
16967
25361
21347
18380
8741
5450
31356
32626
16796
31721
11986
1054
16344
2235
27915
10662
995
7922
673
25201
26136
26314
8944
20538
3546
1133
21133
21010
22406
13844
7386
13220
22181
7536
18391
25021
18535
14408
31291
18444
2637
19555
1988
15398
26917
19112
22475
6604
23611
28036
6683
29809
206
5772
15875
503
27073
12132
24490
8890
6035
4575
8099
10959
11409
15207
6337
20622
12618
20384
26669
25677
32068
11848
31669
13679
6125
8290
6759
18590
9684
24723
23391
17236
13849
716
32477
12448
1059
32553
23963
807
400
25625
25181
30825
15474
29632
16841
16709
30136
12441
25721
5055
31722
7520
14159
2562
7706
13359
22024
29345
19223
22759
17428
30242
12515
19153
10149
13757
28775
22917
15111
18273
14694
24843
26671
13048
25264
20801
17046
21740
21144
17532
21320
18922
19367
26994
27447
18406
29074
17496
28630
2143
6762
2887
21987
10212
16403
8676
16004
7895
9719
30784
27286
14193
1787
20733
30786
9478
24499
12979
7889
8330
10449
2193
23745
11861
5604
13896
19480
28963
11327
8996
4344
11871
17974
124
5748
26529
22161
20301
3490
11637
58
26914
25329
3934
22073
4151
7613
19738
22498
19165
24097
11560
32077
3616
27917
7304
26631
31656
4760
31682
3079
14045
9879
15657
25828
5455
3950
14433
2885
11860
8998
22303
16024
3571
7872
32560
14087
3840
10185
23997
21415
8329
3119
30669
30963
31345
13395
9227
13178
1371
31583
20938
29396
31177
25050
16710
28890
31365
20090
4396
6423
11841
20793
17757
1145
7290
7338
10991
23884
20898
10638
15733
16233
3709
14499
29057
26795
1740
9916
2151
19875
29481
18198
20803
26253
31282
14314
31549
18562
13545
25919
23819
24303
21083
11778
21944
22853
7808
24408
10916
8434
28771
31283
1741
27537
17282
30500
32588
15709
120
31856
16675
28652
14553
14949
19509
4378
23134
25070
24470
11843
7490
26982
31493
24501
12779
5034
6583
10340
29133
28018
2647
32224
6028
13537
2122
3205
16992
24410
31287
3057
18622
12694
31175
14268
7733
7667
2217
16483
20630
23823
5850
18564
24663
29846
15907
16977
30777
8280
22243
16703
18473
20895
18958
5118
1892
14527
17526
15022
25055
3310
12105
3408
21734
1622
4571
9850
16131
15977
16550
26191
10017
27253
32144
8623
32497
9336
28012
20907
25741
13877
1730
22332
10076
6791
24019
10036
5173
10486
29144
29300
19655
8072
24459
7776
11832
32473
7400
8592
2828
27758
8757
6344
15433
3911
9280
10283
19928
6835
17384
31915
18991
31593
22238
452
26925
23251
11693
8042
9797
27821
31480
5184
479
15055
16387
16394
29179
25415
25206
29285
17944
31915
20317
4534
596
5294
20338
11872
30164
31984
28831
22074
4198
23067
10431
15424
15205
10539
5541
2184
14814
12045
32351
25720
21488
1644
31163
5943
20857
16328
24075
18017
2031
18376
24102
12031
32651
2001
30639
27318
29613
29911
5786
5438
12924
115
4587
26134
8140
8246
26049
4726
24390
24382
20116
2950
27074
11782
10683
27853
4600
25730
16177
12012
15448
10860
22680
29324
20022
14809
18814
30613
6186
12303
19680
5280
16311
24730
23532
17072
27690
24221
25099
4380
15045
12391
29215
5584
15901
24902
24841
11702
3265
26016
26991
8558
8988
1343
15548
581
7325
16365
9576
21349
2069
24641
7801
21321
23392
12472
1098
31092
19015
1799
17035
31843
1189
6576
9097
29632
8137
21460
9391
27352
12060
6984
29773
30543
20483
15595
31897
10258
11527
29494
8180
24718
15412
15124
2670
29728
15550
27380
15499
5580
14315
16413
13128
28721
2348
22082
20825
31164
12685
15703
28085
22813
31312
8611
11092
28151
10965
14869
32311
20956
21950
28891
426
25976
336
31281
966
15884
12059
19831
27193
1823
1757
13447
21578
11376
10404
25925
7703
24622
27187
22904
10529
20843
935
22744
3595
9935
28506
26983
7071
4489
264
6661
18194
3211
30768
23359
29065
7159
4541
23145
9947
8404
23782
4844
14745
5382
22355
2528
24652
17277
5249
26590
14333
20652
29799
25871
20475
10045
11610
15241
8920
7427
11566
5084
8373
25648
5534
8167
11967
7368
22509
22513
16378
6741
13262
3573
27454
12765
7554
19260
8831
9233
20288
11313
28497
30663
2521
11890
22698
22698
18588
9507
21994
20016
27767
18311
29466
24269
8800
3537
2673
29543
2291
20535
14109
3849
22877
23625
25920
11995
6008
29825
9016
26194
3383
28187
6179
2980
5445
24870
17314
2175
30953
7900
27358
8954
25901
25135
22217
21196
15167
28324
18343
30395
16407
4452
16844
32344
28506
14481
6055
23530
30079
5334
21759
21160
5424
31042
28541
29995
31731
27990
24683
26658
18953
9564
3003
15688
20886
21755
6219
31379
20739
4105
7527
8622
11425
11680
18832
19370
27535
24948
26235
11505
31709
32611
24157
5499
497
7502
9830
16708
14122
1832
12939
3325
7108
14668
22153
25345
32764
21780
14375
29836
10356
17319
14011
4903
4568
31506
27631
15975
6082
6555
10693
14807
731
19281
6617
16179
16964
11752
25063
8407
21556
9924
29068
28790
8674
24404
23889
32271
21157
23457
27365
17181
23129
24359
12970
3599
18182
5091
31347
503
4540
10157
11661
16006
30401
21448
5628
17464
6383
696
15110
26828
29783
2131
2294
28663
25642
8219
9754
7257
16346
9675
6414
19632
21372
15408
9276
31052
14193
22074
31396
9667
19269
22099
12761
6885
22487
14319
5452
31986
7354
30565
16077
4619
19676
11261
6223
19687
15973
2122
10988
28615
20962
13498
24361
23468
21667
14443
4730
24519
25185
25664
9737
7473
2597
29749
27315
21212
14948
23279
3667
9674
14447
27544
28228
14716
9995
21993
29473
11438
24667
10376
22991
20033
9991
19861
3518
7801
29335
13695
30827
28776
23328
9245
27178
16298
26659
21498
34
3667
18098
25584
11161
24358
10964
17144
15986
8200
24619
3648
8435
6324
19924
5502
5324
12719
29071
31109
10581
10111
5664
6421
17688
32280
18677
16376
26767
18583
21256
19530
3631
6450
14599
15897
19365
11631
1715
25902
6239
10901
27014
8489
23886
32352
24216
26580
12778
14329
30659
1457
27255
27941
31749
19669
23431
32701
26407
9721
30401
22366
3228
14287
9440
25441
25004
6290
255
30990
13010
15841
22803
25100
18530
7885
6073
12060
15982
15409
31538
8968
5099
834
15787
18901
13584
15974
4802
4160
1279
2122
7751
28521
10919
29998
18495
201
9449
26244
4655
3689
27129
15546
20887
29526
5640
23380
29628
24656
27936
13117
11946
22722
13391
18271
17274
31735
9735
24433
13777
28298
1477
23824
7337
30750
5873
26386
28756
10576
31493
24343
31165
7658
15090
21856
18162
12121
32704
28389
18655
11106
15988
29089
32348
25360
23350
27441
20587
9713
1971
9629
954
32130
24769
24182
25456
15591
3905
29729
2342
14559
28746
32114
26162
15352
2180
32637
29228
2815
18129
13736
8875
3515
23091
8197
4176
28635
7914
19423
27910
20012
26332
2707
12167
17423
8506
2721
6179
27947
9569
1795
29373
12127
9470
190
14870
24826
2422
14006
78
7983
16517
20422
16551
26819
15397
27408
32397
20745
10673
2706
21971
24336
9290
3067
24640
27931
26234
9148
5194
7249
16151
3681
289
12470
19818
27682
3055
26970
18577
31413
4702
10449
22050
8551
5724
482
13329
875
22299
31875
14804
3186
31579
9990
29892
11132
12523
18317
25543
12269
25965
16835
5676
31971
31835
1230
12758
1735
9799
5503
9373
20258
15719
2252
1265
21170
19280
641
26048
7614
7170
3122
8602
31398
549
22644
24852
28350
12434
17997
24682
31068
19733
14568
14440
18736
8305
6029
11914
23508
1957
2513
20578
15268
2670
17418
24122
20432
15117
30726
18683
29360
17226
15869
18253
16983
17081
2499
17920
24426
25148
66
14251
3635
16585
16680
1938
28145
7534
30941
13261
14962
25234
20152
21159
19428
30333
882
1861
18665
29979
21467
10632
16105
14076
29643
9523
5292
18848
13660
21585
2856
15602
12374
22737
16535
27154
32235
14708
27085
5975
23717
17897
13769
7573
20636
1590
3978
29339
5100
14681
12836
15616
27494
10031
17170
21792
13190
18838
26318
22369
14757
4302
927
11195
13680
18214
9906
9847
30361
22484
16237
9782
6861
32036
9472
21302
24549
6613
6717
25553
26208
16831
17321
2630
30737
13754
17363
28604
10005
22204
29156
24708
22792
21569
24184
3487
4728
6640
6828
1920
5786
16507
30072
22034
12092
1479
9024
20989
12539
4173
933
8998
4022
448
31137
2164
5955
7407
2515
19674
7264
750
13079
3474
14828
19312
13658
13734
28247
31864
15021
21173
11607
9521
5783
9972
14812
8217
4016
7283
23623
16485
26475
32162
18646
28322
5172
5907
19043
30872
25019
9857
1359
6259
27535
15122
26297
30501
9710
27353
5107
11782
26844
415
28214
3005
12658
3299
32404
8292
3449
26911
24111
21735
25911
13389
28329
4525
6025
18858
30427
14459
7218
10938
30666
30101
8307
31116
19926
11302
20956
26687
29237
481
19297
16837
28832
19945
22704
28647
25932
28398
962
8841
5916
19609
8368
31792
533
2091
19401
26561
26130
8289
3553
31628
11705
3226
6891
3464
16813
4923
24267
23776
7173
24403
19557
29871
12286
6523
8954
11272
31212
2049
7604
26426
19319
31301
16767
32338
10243
866
15643
27873
17776
18449
3951
12031
1284
25547
26657
28559
30885
10542
30307
27589
18508
16802
6672
12262
2998
28732
10999
4431
27741
31715
19063
2489
9126
1201
29516
22459
10588
18587
15272
2192
9821
6997
32133
20251
32659
5488
22842
19496
3366
16070
17997
11253
20976
14359
9865
15601
18226
10228
3920
25539
4229
28380
15666
4238
11283
26278
26046
6516
29446
12574
23447
7769
32321
23027
14539
23017
17230
20433
865
988
32152
30922
49
10360
14299
26106
10233
6488
2520
27243
29356
23405
24141
6454
27917
13890
21796
28395
19581
18564
5611
10803
29969
17857
9860
6068
9704
16752
6686
21813
16316
11058
11364
20483
22966
24663
7411
659
6279
30372
24338
13672
31668
9299
29085
18231
5425
26972
29507
16458
24370
24051
18162
13602
9278
19026
23694
15456
11653
27576
29161
31718
11123
2738
24560
4409
3205
18073
18466
22825
13916
14940
13895
23221
21776
24191
2654
22825
13510
19556
16087
20873
22917
18122
24322
26418
18757
11155
16840
959
15433
13002
23705
11818
10159
7908
17061
23859
22086
16966
9295
18694
927
32264
25310
24
11623
7673
3190
17234
3827
13795
21576
28017
31517
25616
23301
27053
2127
7436
23448
32152
17117
25773
4116
27210
22936
6225
25323
10427
30880
11879
16482
17776
18041
3889
7233
8026
14177
27335
32719
3579
10977
12384
13309
13002
1955
2765
23522
31193
18819
1606
4967
3509
13800
17257
26180
17037
10837
23424
13099
15511
14651
23043
20290
21936
2322
28510
32215
1603
10663
16627
4176
21867
21432
31331
16992
5212
18110
1033
9857
26879
14602
712
13982
27612
3603
1287
23823
23869
18191
249
2507
13712
25024
2082
10201
5390
6545
21527
1800
22170
16097
4229
3552
18924
6303
1652
18392
22766
1047
3277
9162
7270
18187
25114
30371
9174
18438
21390
5727
29856
8429
21829
8501
1134
16343
28620
17678
13009
2590
9956
6972
1577
13751
15747
27753
12228
19646
31516
28877
6986
3925
22048
24741
3416
10159
10181
26848
5483
25704
19718
22555
22272
27928
22763
6095
28153
9511
15370
17865
29251
12515
1358
475
24246
20687
8183
17362
24380
1854
13026
19879
18998
15393
1291
3578
18715
21278
2896
1723
29794
26594
888
3115
26275
9399
16499
28675
2809
26457
3043
27890
10922
10245
16604
26189
32266
22228
1000
20483
17564
9031
15439
21199
10363
25123
12949
177
28920
1407
30787
11678
18565
23323
31979
16503
6610
1267
29798
4152
18485
24596
29280
8562
18255
19887
24343
22523
21997
4716
10591
28899
24620
16384
23018
22699
19681
23810
27590
12722
14903
16122
3623
7920
28058
19132
13159
9958
31444
3828
4427
17109
26230
27905
30344
28207
18298
17415
6533
19019
11302
21055
17507
10844
17972
16530
571
7076
8751
3175
12710
15845
28192
17337
8323
25
4970
18284
5364
5474
10227
2017
26538
13892
31364
28616
4963
530
15987
28981
23984
5286
6783
26870
31996
9301
7931
19493
24522
15395
26415
21497
31038
26162
27131
7137
14047
23169
15805
26068
923
1491
21365
30946
31756
31980
27943
19984
14329
12291
21377
32610
19744
29301
3774
11577
28466
10935
9930
19935
20768
16014
11943
7009
11157
3970
7951
5021
3267
7056
17499
16027
21859
5663
17315
12065
1783
3381
31527
29057
18259
28395
16877
23734
15707
798
19116
31151
11022
11624
11753
29931
26820
2894
24416
20038
9651
17083
4773
15123
4536
5294
21259
28266
21589
2095
21189
15299
29942
16775
13643
18372
6264
22960
22784
15192
14315
18955
25617
11521
13463
16465
6304
13423
27966
28364
13346
23633
14497
11463
24069
26219
26949
31555
27030
5609
15991
16875
28451
29683
26254
22602
92
17025
30320
12092
31743
4465
31320
11938
17589
10711
982
7002
24375
17300
22807
6511
15284
14634
10598
7820
11895
11726
27379
26807
23493
22975
17875
19771
6916
28887
12361
29670
5411
22367
8260
21109
8757
6440
30248
31821
10847
22231
1233
6764
3573
7553
23254
8094
22752
23672
12554
3316
17731
28004
8777
23154
20830
25237
4209
22536
27826
3991
23214
6852
101
7
18683
19013
22249
20646
20709
25203
9945
7852
6034
15725
17699
351
21763
31171
17004
16867
31894
4326
30640
17748
20175
12764
17961
23826
14423
13368
3699
29020
8773
14154
8941
14881
6045
16787
14690
31250
25622
29819
8169
28668
4129
10311
14601
29269
24102
1093
801
26901
11537
26441
12039
6599
25613
13405
2544
31199
19343
22453
16016
31566
30615
6113
12674
1876
10035
1862
31977
7061
15684
10703
20312
15728
13956
8928
12783
14220
16584
32652
31175
21939
22403
28935
26769
4836
2444
2910
16505
28067
19489
23653
20305
22164
32555
28401
13547
27976
1731
3656
26822
32599
7670
24022
17133
32175
18117
6434
3101
23595
31600
4096
22822
3944
1269
13063
13715
7380
6867
17477
24973
28935
12307
50
9981
28759
4489
21219
2545
30118
14680
28032
22593
13183
31668
20472
23666
11106
28908
6899
14298
12123
16551
15881
10245
8665
12909
22065
15192
26558
10090
20604
14580
16563
24943
9475
16350
31166
15162
15901
24924
11798
13815
24534
15010
2614
7
9117
20909
17712
22783
23613
14704
17476
30452
30223
16686
7345
20726
10093
13095
26571
29402
1385
26230
7502
15933
20671
10298
26610
15557
3849
16372
10303
26538
17458
4912
6563
2165
24621
11368
19906
5896
13543
10533
29197
14559
2170
21351
5014
17813
6051
27207
21794
29866
7286
24027
19328
6275
11600
602
29722
2738
2062
32384
31178
11640
7548
31028
15343
9864
28944
19049
19391
14094
8409
13122
21471
21744
10674
24953
7729
26964
15291
16897
11245
22626
13066
26346
5107
13899
2205
1158
7007
19850
20371
18890
15454
23146
4764
6134
3905
8136
9647
23929
18896
14618
16379
6158
18657
19888
29215
16940
22569
2362
19613
12189
11345
32139
19084
7532
17228
20892
21646
30981
7913
25044
28674
8856
3492
13702
28283
11966
30146
28092
12656
27487
22173
4403
22069
11219
29756
22950
24105
8263
24870
26191
10034
15459
23160
30636
18534
28970
10806
6271
9995
15905
991
22552
22466
23987
3908
31190
8191
4308
5529
15852
11196
19941
1229
10081
19311
22231
15639
25435
20025
31380
23762
13724
19552
1434
32394
3661
30207
9705
7511
11514
14844
17952
4969
29919
22843
9187
26341
22114
14865
9599
22768
29152
4092
13009
27400
22444
11153
5476
20123
2389
1717
9177
29394
8232
24848
15500
9390
15606
191
21364
30039
9496
27465
5963
23217
12463
10965
29167
15919
28208
29594
26633
28140
7969
15766
7148
9208
29213
9859
30656
6127
7710
12295
17119
20177
17148
11819
9855
7437
13104
31246
26002
3807
2782
15579
19434
10972
14355
26360
6305
17100
22603
10112
26552
18103
3894
30708
24318
20035
15035
4141
8755
19517
10302
22165
21102
8309
12062
8343
7356
31695
21634
22356
7178
19095
23638
21656
4677
6421
27536
3084
15551
9825
8120
21677
18389
6521
16295
26236
9679
3217
27023
24695
19719
25258
25147
27337
8526
7014
27032
18750
3211
6427
14453
29177
2725
3366
2951
31849
11427
32386
24496
31865
22290
7833
17280
7687
16295
24665
25085
5272
28198
1419
10911
13130
17538
5728
15007
16650
21062
30541
27506
23814
30515
4377
10896
1893
6443
16181
32377
8758
29006
30795
23802
32423
13410
25881
13996
19064
6776
22912
23487
29103
2508
25560
7669
18572
26862
26247
21489
4543
23583
28626
8626
13529
29182
17395
10843
14593
868
19819
3893
22504
19084
26521
24566
15615
30071
14220
24644
17639
14222
1814
18037
20776
7818
22049
22425
1063
11921
5702
1210
31058
2465
17564
28002
19870
9778
21966
27486
3123
22807
10353
3010
21349
13990
29076
6445
17895
3864
22424
6990
7227
2611
12098
28583
27245
9766
3854
24465
28161
7604
11462
22401
30762
31124
14676
9097
18493
20760
11989
21794
27236
32270
17646
13864
28311
18404
32611
27942
3016
18959
2789
14036
862
6572
23596
22750
22757
28264
17734
12775
12804
21150
29999
2766
29359
7872
5537
3376
27037
17400
31533
814
8445
10767
7051
17520
10085
9357
15919
29801
25867
17186
6940
30173
20791
324
23549
14241
7160
6426
13170
16035
8215
32153
32424
4394
12617
16365
9516
26462
6824
25626
11009
17674
24932
26851
10480
24737
8118
1771
7967
31615
3094
27418
21989
3954
174
28738
16605
30073
5902
7170
6201
27083
11297
25323
7257
4379
24672
30690
14237
25371
26693
10949
29303
7743
16643
6738
28100
10435
7540
15684
22364
751
8019
1726
3303
11930
12459
10733
24819
12269
4495
16618
13892
2921
28172
23261
25963
25899
4188
13672
8347
9583
860
9539
18871
18004
14657
29219
28335
11999
2694
10721
24589
16193
8488
11992
5579
29277
9238
1423
22120
14469
14051
9624
21563
28548
8639
20919
13574
7138
13733
15175
14286
18275
16598
29914
27882
10449
10117
30752
13403
30971
29908
17162
30299
6398
30719
20526
19000
28099
16855
28270
32611
5321
5747
15316
15556
22053
10018
18369
10833
30663
10403
8263
22751
22014
6553
20179
23608
25919
19769
2063
19309
290
3654
4870
7022
11437
28223
11146
2007
10197
5335
25554
32269
32322
9125
18792
16010
29523
541
20803
10357
28514
9663
20271
25462
21065
10894
31862
23496
20260
20420
20921
17552
13657
11460
14367
5229
19158
12880
21938
12368
7066
19452
30981
14478
25207
13794
26650
11315
28438
23192
5764
22170
11579
19807
1737
15162
12618
13469
23306
29635
28171
14478
22758
13418
30634
18998
25755
27264
30722
22170
14190
10570
14362
14895
21838
22797
25328
2195
1460
23656
25974
31867
21453
8166
4059
9197
23003
18388
23563
7343
23513
28752
32121
29951
30045
13219
7708
1156
24259
27345
27831
20869
3464
23662
24670
22105
13300
19890
21814
15134
25596
10704
26236
22446
22886
13188
10697
4559
12078
29931
12180
27562
1065
24984
27896
22143
21224
24292
29367
7574
223
9861
5504
32121
26822
14179
27501
15200
25664
18599
17104
20717
6331
29460
30255
25
2967
1178
16781
25455
16778
12840
31979
20088
27971
7107
24591
4726
29005
22229
13188
31572
14647
29383
4834
6366
11762
11217
9296
10286
18810
16401
26950
12646
3512
6875
3224
11685
25256
19025
20912
18739
8119
29491
2330
5631
17519
14072
11847
16972
9301
16413
4746
10151
2578
26813
14695
17948
5586
12130
18957
32681
23274
28187
14881
10227
189
1998
5565
15416
27360
32720
2233
22405
11388
12211
3369
14121
19188
3935
25382
25449
5064
17252
13778
20597
2490
25999
4502
2971
11567
15292
4014
18619
9175
20714
23272
25595
912
9365
29096
11195
17544
25664
18736
1740
7842
25425
13854
19164
22044
17697
15926
22325
15214
3412
14178
18344
25205
2662
22519
21443
21712
20103
7226
11851
17291
10921
9507
30950
31738
24535
29793
8215
9192
31432
10653
13167
242
3508
9475
3586
20269
15462
13055
25369
27407
20115
9540
806
21132
15466
32019
27901
16767
26988
2746
32576
27980
382
9819
24091
9155
11324
26094
24882
20808
2705
29833
7640
12849
12932
28383
24962
13168
7509
26888
12411
18034
15305
384
7385
11335
9410
9585
2479
31746
4626
27189
11908
26723
8081
8214
28420
2227
110
601
23286
10480
7874
10364
27246
25898
22891
7355
19012
5165
21527
15321
19652
17760
3487
16924
21159
21997
12439
10650
16451
24866
21027
15795
21246
4120
4875
2015
27400
3218
22290
31146
7498
6951
1668
30716
8601
8356
3599
11166
28976
5804
4307
15098
10589
13217
188
20770
1658
18888
4368
5652
2847
8615
14148
31805
10134
21426
11796
1851
30095
25895
11987
28647
23573
11319
21759
18835
12225
16230
24600
3216
9006
29748
18354
10740
7084
12541
21962
3225
15929
5662
15190
11113
18605
16985
21279
4313
2868
13947
1747
31668
5633
7227
2646
32026
28481
29798
24922
14280
25934
28729
25391
9370
20774
31246
12508
77
23835
12604
20846
18058
9164
23864
26768
24096
15187
7168
15196
23186
192
20409
30577
30417
14279
3990
28742
11594
21173
8189
18110
4387
30376
13797
12028
19650
4096
2435
18552
27024
2833
31781
15442
17660
1306
21854
5607
22210
2427
23395
2467
11373
12066
19125
7702
15898
10823
28928
27465
128
9817
28483
25682
22573
31800
26418
24358
21010
6308
6105
20143
17730
9974
11649
25374
16887
21517
18647
1155
29142
15756
331
23450
19828
24899
26295
23784
19224
8426
17985
2567
27331
11797
13954
23871
17261
29284
12008
4950
30098
18426
11864
18344
9965
5681
13592
5754
27524
9868
5613
14731
16356
17902
25216
21228
30894
1545
30470
23058
19282
13080
26912
24362
21531
20945
24064
6316
15724
14741
3022
28467
27721
7915
27210
31628
22040
8748
22194
11020
25513
13952
12006
32295
1397
29960
