100
9127
14164
22052
18142
15647
12609
32666
17917
2428
14910
14510
17386
9345
31246
22750
3509
27723
18028
20174
18438
24884
4954
8008
527
15608
15798
21889
29887
1302
25614
18590
16952
7289
16821
23158
18820
6232
16406
5018
25219
23643
12873
16531
5672
16895
28388
29802
9957
20283
15380
5230
32100
16484
16876
20785
19832
26958
30460
12500
1875
12724
15142
3716
26873
12505
5293
13125
17397
11376
17295
27630
19274
32441
7957
16501
32172
10222
29096
12397
32752
3805
18150
6349
31682
13526
24565
9971
22166
24775
16919
31977
21729
1446
4991
27366
32136
26639
14948
25112
20888
