1000
18223
29267
1184
11321
3296
19401
30431
24285
18709
18945
22000
23997
31865
4875
30581
4230
30291
26142
22167
6991
18861
19503
21064
13263
7605
14018
8395
22221
23907
257
7287
29143
2652
1803
19896
21815
14103
18318
22102
547
27710
17304
8698
10548
32087
4266
32750
27930
4259
20751
2596
15757
24134
1643
32122
24198
27305
29335
26428
28592
16413
31404
19434
2073
27585
16478
11068
14894
16805
25996
1380
5094
11311
11796
17811
28477
2750
29676
13758
9956
25486
8559
24482
823
27868
9716
32518
29551
12618
6309
26944
26393
21380
32143
3578
23495
13604
24821
30006
29445
1235
15594
24208
9358
30641
23839
26051
24768
12792
13561
20591
14158
8924
23526
26906
22069
22453
9202
2932
29937
2655
32405
17887
32752
28385
9167
13358
6215
1102
12151
30637
15268
27881
10449
28770
10371
4492
10334
7059
21157
5195
4088
15241
31678
22100
2334
11411
17519
5401
15756
2893
18803
25266
32270
4129
8477
32124
19351
17423
19714
19207
30349
29354
29683
31279
18536
32099
30766
4232
27515
29706
15828
26368
1297
5778
13726
22975
13756
9237
32716
12114
29674
6935
15199
31497
29881
20239
21896
32413
5901
30500
28000
20246
1247
6708
8153
16620
32472
31770
20469
24429
1566
28721
16182
29534
22638
13588
2645
23781
29291
15784
24119
17575
3125
2909
31004
26669
17470
32176
19482
1420
27737
15093
20682
10821
11540
5715
26433
26986
29512
5904
20545
15618
23534
1294
6065
5807
4660
7830
843
25486
21457
23381
22933
1887
3989
24740
5394
4838
21060
2829
22457
14736
30116
12554
12966
19034
17877
783
5648
12271
4321
11467
32123
15376
21652
7084
11310
16953
32398
3745
3560
17794
29334
21283
4047
15811
19249
21366
1449
14331
2163
23084
28494
22003
8470
12012
12893
28958
10697
28785
7215
25796
1738
20437
16393
17247
23479
4368
1430
31558
11682
29884
31636
11912
27491
28443
17101
16923
20530
20570
9545
26678
21621
16919
11714
10747
8406
15906
21336
13401
14233
25216
3462
27697
18476
18102
25685
3511
24832
13892
20687
23324
29592
29807
439
7786
24288
27971
22647
687
29631
30681
12890
2141
10223
3542
20987
6385
27405
7220
31998
32211
20972
20805
8701
15997
3119
3060
6853
10720
22551
20559
24259
3843
26777
25922
14777
26862
29108
32677
23221
454
20225
7802
20292
20793
30860
31855
16099
6685
14818
15019
31414
2899
24427
10438
13693
26610
19962
19993
30659
31393
14499
6201
9304
22597
26829
21182
8450
13789
19591
19529
30576
21929
16160
19653
623
20370
16369
16620
31585
14534
2942
16141
31722
28323
19134
18701
18412
2262
19638
28589
29622
14020
32333
15114
14968
3113
5211
31850
6394
254
7171
27957
142
10401
25923
16194
13892
25648
31689
596
12892
5173
8712
741
5121
3465
652
1570
32052
21874
2954
1846
27398
26895
10428
22987
24074
5110
20331
21966
26378
6683
4302
28787
27641
14580
9874
26234
14633
17370
11706
23472
12990
24499
937
5048
14947
8654
31101
10251
7483
5646
20895
24382
7706
28747
15256
2436
28662
27893
16935
1651
13464
9466
24464
22539
21399
22762
11318
26356
15751
30554
23404
23559
28526
25222
31369
13072
19063
14650
9786
27346
5099
9970
10781
30284
12636
32576
16011
21307
29988
10350
22709
27104
3854
6500
16626
6659
30034
28365
25431
6456
22983
23414
3721
1633
32596
30710
5327
22132
935
13716
875
32383
28970
30821
25643
32489
11571
7349
15675
13306
5756
27560
17213
3997
26578
17185
29083
8293
13073
29923
32028
2511
2127
8439
21686
20935
7512
3917
9380
10093
2395
19622
4024
1816
26850
3760
4849
24475
32263
9075
18256
7368
8421
28653
30184
15155
5198
16889
12853
18745
4796
31094
28334
31040
10121
19620
16285
10559
10338
11217
16431
898
25337
2102
19911
7335
21242
540
3480
13037
29761
16963
28787
29358
1354
643
10461
25641
19944
2484
18277
26245
15930
7884
28981
23571
31195
14151
25830
27604
9050
25804
16793
31803
31722
17933
17475
19251
11098
32495
28488
18276
17479
31723
20556
3762
22672
1203
22597
13831
12810
25113
31189
15955
885
6957
472
23249
9647
3494
24121
27787
13608
25988
18185
22304
9110
14323
32210
4805
4586
17777
5928
8074
1666
10035
642
15839
21408
27589
17480
4182
16923
26354
5677
2730
21588
14563
25023
20993
13676
20619
18748
29294
10420
27970
12968
3514
3429
25519
2332
26468
19090
10732
10337
29158
14170
28389
9918
16698
21346
16641
28941
1693
25475
2053
27924
31123
18111
22069
5651
21035
6010
21692
18330
14468
27878
20301
10909
19856
20672
8971
30922
12568
15674
5286
2586
10496
14136
20935
24743
19917
22718
8623
9917
24676
24489
2331
21299
11540
5278
25962
26620
8151
7745
17153
32505
28117
5287
29423
6417
30762
26893
9165
25476
19433
30154
488
26492
25441
19074
8867
22502
3231
2205
16150
29055
6452
25591
507
8498
15160
7129
27851
25761
13198
41
6180
6402
13674
22237
21358
11308
8977
13749
26558
25585
2016
9258
506
12207
29584
6562
2111
14370
6840
11237
24191
8572
24723
468
24175
13240
11780
24153
1696
23851
14807
22426
9451
17244
9802
3698
19
22037
6092
31265
17574
6330
10500
7234
14628
5594
24597
12542
32099
12548
2337
12160
22834
19164
6668
11944
24125
27501
898
516
24881
26305
4923
8956
3616
12207
19325
14924
7206
19701
21475
23992
25677
9351
26462
22010
24494
4390
25465
256
20697
30259
23777
9300
7287
17862
23844
17372
5422
11515
11705
20675
16069
23180
21569
17591
19593
5029
9228
32085
24303
2803
2271
27617
17530
11775
28404
27963
16863
23738
27715
24078
9576
16216
3840
16203
10646
11874
30053
32470
27402
24839
4785
14463
30117
21940
17777
819
11503
10468
8958
7795
5045
20024
7239
5126
14071
24522
24528
8683
16385
30655
7419
146
29143
18459
3207
22860
5590
25817
25174
255
7065
29756
3187
19230
28698
14688
25427
2264
20505
11540
12123
2192
6594
6380
10147
10638
24970
26769
19962
22516
20058
9564
19498
1267
239
20515
13949
28478
2689
3411
22399
20415
13986
22335
26886
16010
11370
10936
24176
25615
10961
25054
9260
19091
25692
12597
30844
25569
15868
31484
16760
5948
30003
27834
1111
27545
