100
527
1302
1446
1875
2428
3509
3716
3805
4954
4991
5018
5230
5293
5672
6232
6349
7289
7957
8008
9127
9345
9957
9971
10222
11376
12397
12500
12505
12609
12724
12873
13125
13526
14164
14510
14910
14948
15142
15380
15608
15647
15798
16406
16484
16501
16531
16821
16876
16895
16919
16952
17295
17386
17397
17917
18028
18142
18150
18438
18590
18820
19274
19832
20174
20283
20785
20888
21729
21889
22052
22166
22750
23158
23643
24565
24775
24884
25112
25219
25614
26639
26873
26958
27366
27630
27723
28388
29096
29802
29887
30460
31246
31682
31977
32100
32136
32172
32441
32666
32752
