1000
19
41
142
146
239
254
255
256
257
439
454
468
472
488
506
507
516
540
547
596
623
642
643
652
687
741
783
819
823
843
875
885
898
898
935
937
1102
1111
1184
1203
1235
1247
1267
1294
1297
1354
1380
1420
1430
1449
1566
1570
1633
1643
1651
1666
1693
1696
1738
1803
1816
1846
1887
2016
2053
2073
2102
2111
2127
2141
2163
2192
2205
2262
2264
2271
2331
2332
2334
2337
2395
2436
2484
2511
2586
2596
2645
2652
2655
2689
2730
2750
2803
2829
2893
2899
2909
2932
2942
2954
3060
3113
3119
3125
3187
3207
3231
3296
3411
3429
3462
3465
3480
3494
3511
3514
3542
3560
3578
3616
3698
3721
3745
3760
3762
3840
3843
3854
3917
3989
3997
4024
4047
4088
4129
4182
4230
4232
4259
4266
4302
4321
4368
4390
4492
4586
4660
4785
4796
4805
4838
4849
4875
4923
5029
5045
5048
5094
5099
5110
5121
5126
5173
5195
5198
5211
5278
5286
5287
5327
5394
5401
5422
5590
5594
5646
5648
5651
5677
5715
5756
5778
5807
5901
5904
5928
5948
6010
6065
6092
6180
6201
6215
6309
6330
6380
6385
6394
6402
6417
6452
6456
6500
6562
6594
6659
6668
6683
6685
6708
6840
6853
6935
6957
6991
7059
7065
7084
7129
7171
7206
7215
7220
7234
7239
7287
7287
7335
7349
7368
7419
7483
7512
7605
7706
7745
7786
7795
7802
7830
7884
8074
8151
8153
8293
8395
8406
8421
8439
8450
8470
8477
8498
8559
8572
8623
8654
8683
8698
8701
8712
8867
8924
8956
8958
8971
8977
9050
9075
9110
9165
9167
9202
9228
9237
9258
9260
9300
9304
9351
9358
9380
9451
9466
9545
9564
9576
9647
9716
9786
9802
9874
9917
9918
9956
9970
10035
10093
10121
10147
10223
10251
10334
10337
10338
10350
10371
10401
10420
10428
10438
10449
10461
10468
10496
10500
10548
10559
10638
10646
10697
10720
10732
10747
10781
10821
10909
10936
10961
11068
11098
11217
11237
11308
11310
11311
11318
11321
11370
11411
11467
11503
11515
11540
11540
11540
11571
11682
11705
11706
11714
11775
11780
11796
11874
11912
11944
12012
12114
12123
12151
12160
12207
12207
12271
12542
12548
12554
12568
12597
12618
12636
12792
12810
12853
12890
12892
12893
12966
12968
12990
13037
13072
13073
13198
13240
13263
13306
13358
13401
13464
13561
13588
13604
13608
13674
13676
13693
13716
13726
13749
13756
13758
13789
13831
13892
13892
13949
13986
14018
14020
14071
14103
14136
14151
14158
14170
14233
14323
14331
14370
14463
14468
14499
14534
14563
14580
14628
14633
14650
14688
14736
14777
14807
14818
14894
14924
14947
14968
15019
15093
15114
15155
15160
15199
15241
15256
15268
15376
15594
15618
15674
15675
15751
15756
15757
15784
15811
15828
15839
15868
15906
15930
15955
15997
16010
16011
16069
16099
16141
16150
16160
16182
16194
16203
16216
16285
16369
16385
16393
16413
16431
16478
16620
16620
16626
16641
16698
16760
16793
16805
16863
16889
16919
16923
16923
16935
16953
16963
17101
17153
17185
17213
17244
17247
17304
17370
17372
17423
17470
17475
17479
17480
17519
17530
17574
17575
17591
17777
17777
17794
17811
17862
17877
17887
17933
18102
18111
18185
18223
18256
18276
18277
18318
18330
18412
18459
18476
18536
18701
18709
18745
18748
18803
18861
18945
19034
19063
19074
19090
19091
19134
19164
19207
19230
19249
19251
19325
19351
19401
19433
19434
19482
19498
19503
19529
19591
19593
19620
19622
19638
19653
19701
19714
19856
19896
19911
19917
19944
19962
19962
19993
20024
20058
20225
20239
20246
20292
20301
20331
20370
20415
20437
20469
20505
20515
20530
20545
20556
20559
20570
20591
20619
20672
20675
20682
20687
20697
20751
20793
20805
20895
20935
20935
20972
20987
20993
21035
21060
21064
21157
21182
21242
21283
21299
21307
21336
21346
21358
21366
21380
21399
21408
21457
21475
21569
21588
21621
21652
21686
21692
21815
21874
21896
21929
21940
21966
22000
22003
22010
22037
22069
22069
22100
22102
22132
22167
22221
22237
22304
22335
22399
22426
22453
22457
22502
22516
22539
22551
22597
22597
22638
22647
22672
22709
22718
22762
22834
22860
22933
22975
22983
22987
23084
23180
23221
23249
23324
23381
23404
23414
23472
23479
23495
23526
23534
23559
23571
23738
23777
23781
23839
23844
23851
23907
23992
23997
24074
24078
24119
24121
24125
24134
24153
24175
24176
24191
24198
24208
24259
24285
24288
24303
24382
24427
24429
24464
24475
24482
24489
24494
24499
24522
24528
24597
24676
24723
24740
24743
24768
24821
24832
24839
24881
24970
25023
25054
25113
25174
25216
25222
25266
25337
25427
25431
25441
25465
25475
25476
25486
25486
25519
25569
25585
25591
25615
25641
25643
25648
25677
25685
25692
25761
25796
25804
25817
25830
25922
25923
25962
25988
25996
26051
26142
26234
26245
26305
26354
26356
26368
26378
26393
26428
26433
26462
26468
26492
26558
26578
26610
26620
26669
26678
26769
26777
26829
26850
26862
26886
26893
26895
26906
26944
26986
27104
27305
27346
27398
27402
27405
27491
27501
27515
27545
27560
27585
27589
27604
27617
27641
27697
27710
27715
27737
27787
27834
27851
27868
27878
27881
27893
27924
27930
27957
27963
27970
27971
28000
28117
28323
28334
28365
28385
28389
28404
28443
28477
28478
28488
28494
28526
28589
28592
28653
28662
28698
28721
28747
28770
28785
28787
28787
28941
28958
28970
28981
29055
29083
29108
29143
29143
29158
29267
29291
29294
29334
29335
29354
29358
29423
29445
29512
29534
29551
29584
29592
29622
29631
29674
29676
29683
29706
29756
29761
29807
29881
29884
29923
29937
29988
30003
30006
30034
30053
30116
30117
30154
30184
30259
30284
30291
30349
30431
30500
30554
30576
30581
30637
30641
30655
30659
30681
30710
30762
30766
30821
30844
30860
30922
31004
31040
31094
31101
31123
31189
31195
31265
31279
31369
31393
31404
31414
31484
31497
31558
31585
31636
31678
31689
31722
31722
31723
31770
31803
31850
31855
31865
31998
32028
32052
32085
32087
32099
32099
32122
32123
32124
32143
32176
32210
32211
32263
32270
32333
32383
32398
32405
32413
32470
32472
32489
32495
32505
32518
32576
32596
32677
32716
32750
32752
