10000
7
7
15
17
20
24
25
25
26
28
29
31
34
34
40
45
49
50
52
54
57
58
66
74
76
77
78
82
83
87
92
93
101
104
108
109
109
110
115
116
120
123
124
125
126
128
128
137
146
148
153
154
157
167
174
176
177
179
183
183
188
189
190
191
192
193
196
198
201
203
206
206
217
218
223
228
229
230
238
238
242
249
250
253
255
255
262
264
264
265
279
279
282
286
289
289
290
295
304
307
307
308
311
314
316
321
324
325
329
331
333
336
345
349
351
354
357
358
364
366
375
377
378
382
384
400
406
410
410
412
415
415
415
421
426
432
440
442
448
452
458
460
463
475
479
481
482
484
488
497
499
503
503
511
515
518
519
526
527
528
530
533
535
541
549
554
559
571
574
581
588
596
600
601
602
609
611
618
626
626
627
628
632
639
641
648
651
653
653
655
656
658
659
660
673
673
677
678
678
680
683
685
689
693
696
696
697
702
703
712
713
714
716
730
730
731
731
733
738
739
749
750
750
750
751
759
762
770
779
787
793
796
798
799
801
802
803
806
807
814
814
821
826
834
857
859
860
860
860
861
862
865
866
867
868
870
870
871
873
875
875
878
879
879
879
882
883
888
890
895
896
912
914
914
918
923
927
927
931
933
935
936
941
941
947
948
950
952
952
954
955
957
959
959
962
964
964
966
982
982
983
985
986
987
988
991
993
995
1000
1002
1005
1008
1013
1016
1026
1027
1031
1032
1033
1034
1044
1044
1047
1047
1048
1048
1048
1054
1056
1059
1063
1064
1065
1065
1066
1071
1084
1087
1088
1093
1098
1098
1100
1103
1104
1118
1121
1133
1134
1145
1155
1155
1156
1158
1167
1178
1184
1188
1189
1190
1191
1196
1199
1201
1202
1210
1224
1227
1229
1230
1231
1233
1241
1244
1247
1261
1265
1265
1267
1269
1269
1279
1279
1282
1284
1287
1291
1293
1302
1304
1306
1319
1319
1321
1323
1326
1327
1329
1335
1338
1343
1350
1351
1351
1357
1358
1359
1362
1371
1373
1374
1383
1385
1388
1397
1399
1402
1407
1409
1419
1423
1426
1429
1430
1434
1436
1440
1448
1448
1457
1458
1460
1461
1461
1471
1471
1477
1479
1487
1490
1491
1492
1498
1499
1501
1503
1503
1506
1514
1518
1533
1541
1545
1549
1560
1561
1565
1577
1582
1586
1590
1590
1599
1603
1606
1606
1606
1614
1622
1623
1627
1635
1643
1644
1644
1650
1652
1656
1658
1659
1666
1668
1674
1675
1684
1684
1688
1690
1696
1699
1705
1708
1711
1712
1713
1715
1717
1717
1717
1722
1723
1726
1727
1728
1730
1731
1733
1735
1735
1737
1739
1740
1740
1741
1747
1755
1757
1757
1761
1766
1766
1768
1771
1781
1782
1783
1787
1795
1799
1800
1803
1804
1804
1806
1808
1811
1813
1814
1817
1823
1824
1829
1832
1835
1850
1851
1852
1854
1854
1855
1858
1859
1860
1861
1862
1862
1862
1866
1869
1872
1872
1874
1875
1876
1881
1885
1887
1889
1892
1893
1899
1900
1908
1911
1917
1919
1920
1922
1927
1935
1938
1942
1942
1943
1947
1951
1951
1955
1957
1962
1965
1968
1969
1971
1973
1981
1983
1988
1994
1996
1998
2000
2001
2007
2013
2015
2017
2017
2019
2021
2023
2023
2024
2030
2031
2034
2037
2045
2049
2052
2062
2063
2068
2069
2071
2081
2082
2088
2091
2092
2093
2095
2097
2101
2102
2103
2104
2115
2117
2122
2122
2122
2124
2127
2129
2131
2133
2136
2143
2143
2149
2151
2164
2165
2169
2170
2170
2172
2174
2175
2175
2180
2180
2184
2189
2192
2193
2195
2205
2210
2211
2214
2215
2217
2222
2223
2224
2227
2231
2233
2235
2237
2242
2252
2252
2255
2259
2262
2263
2266
2273
2279
2285
2288
2289
2291
2294
2297
2307
2322
2322
2322
2326
2327
2328
2330
2342
2344
2346
2347
2348
2352
2355
2355
2357
2362
2364
2370
2373
2375
2381
2387
2388
2388
2389
2395
2403
2413
2419
2422
2427
2429
2432
2432
2435
2438
2442
2444
2452
2463
2465
2467
2471
2473
2479
2486
2489
2490
2499
2505
2507
2508
2510
2513
2514
2515
2517
2520
2521
2524
2528
2528
2529
2529
2536
2544
2545
2546
2546
2555
2562
2567
2567
2569
2576
2578
2589
2590
2590
2593
2593
2595
2597
2603
2611
2612
2614
2614
2617
2621
2626
2627
2630
2637
2646
2647
2649
2651
2652
2654
2655
2657
2659
2660
2662
2662
2670
2670
2673
2673
2686
2692
2692
2693
2694
2695
2697
2698
2699
2701
2705
2706
2707
2717
2721
2725
2728
2733
2735
2738
2738
2740
2746
2749
2754
2758
2759
2765
2766
2768
2775
2776
2778
2782
2783
2783
2783
2789
2796
2798
2801
2805
2807
2809
2809
2813
2814
2815
2819
2822
2823
2826
2826
2828
2833
2833
2840
2847
2852
2856
2859
2863
2867
2868
2868
2871
2873
2875
2878
2881
2881
2885
2887
2888
2891
2893
2894
2896
2902
2904
2905
2910
2910
2921
2924
2930
2941
2946
2950
2951
2953
2961
2967
2971
2971
2972
2973
2980
2984
2985
2987
2989
2991
2993
2994
2998
2999
3000
3001
3003
3004
3005
3006
3010
3013
3016
3022
3042
3043
3043
3047
3047
3050
3055
3057
3062
3062
3065
3067
3069
3069
3070
3079
3084
3086
3086
3093
3093
3094
3100
3101
3113
3115
3115
3115
3119
3121
3122
3123
3124
3128
3131
3132
3133
3138
3149
3152
3153
3163
3167
3169
3175
3177
3182
3186
3187
3190
3195
3195
3205
3205
3211
3211
3216
3217
3218
3221
3224
3225
3226
3228
3230
3232
3234
3235
3236
3244
3248
3257
3264
3265
3267
3268
3272
3277
3280
3281
3287
3290
3299
3302
3303
3306
3307
3307
3310
3316
3325
3334
3337
3345
3346
3354
3359
3365
3366
3366
3369
3369
3375
3376
3381
3383
3383
3392
3407
3407
3408
3412
3413
3416
3418
3420
3421
3421
3424
3430
3441
3441
3442
3442
3445
3449
3458
3463
3464
3464
3464
3474
3479
3480
3481
3484
3485
3487
3487
3490
3490
3492
3495
3497
3506
3508
3509
3509
3512
3515
3516
3518
3520
3525
3529
3532
3534
3537
3542
3542
3543
3544
3546
3546
3552
3553
3559
3563
3564
3571
3573
3573
3575
3578
3579
3581
3582
3586
3594
3595
3598
3599
3599
3601
3603
3605
3605
3611
3614
3616
3621
3623
3623
3625
3631
3635
3642
3643
3648
3653
3654
3656
3661
3665
3665
3667
3667
3667
3681
3689
3695
3699
3709
3710
3719
3723
3731
3752
3756
3757
3758
3759
3760
3772
3773
3774
3788
3798
3798
3807
3807
3825
3827
3828
3831
3834
3836
3838
3840
3842
3847
3849
3849
3854
3860
3864
3865
3874
3889
3890
3893
3894
3898
3898
3902
3905
3905
3905
3906
3907
3908
3909
3910
3911
3913
3917
3920
3920
3922
3922
3924
3925
3934
3934
3935
3940
3940
3944
3947
3947
3948
3949
3949
3950
3951
3951
3954
3963
3966
3970
3978
3983
3990
3991
4003
4008
4014
4016
4021
4022
4022
4024
4025
4030
4031
4044
4046
4049
4052
4052
4059
4065
4065
4067
4087
4091
4091
4092
4096
4096
4097
4101
4102
4103
4105
4114
4116
4120
4121
4129
4132
4134
4138
4138
4141
4151
4152
4160
4173
4173
4176
4176
4176
4179
4184
4184
4187
4188
4195
4198
4202
4202
4208
4209
4213
4221
4229
4229
4232
4236
4238
4238
4245
4247
4255
4258
4262
4262
4264
4264
4269
4270
4275
4280
4292
4302
4307
4308
4308
4312
4312
4313
4313
4315
4320
4324
4326
4330
4336
4342
4343
4344
4355
4360
4365
4368
4369
4370
4374
4377
4378
4379
4380
4382
4387
4387
4390
4394
4396
4403
4407
4409
4413
4415
4417
4419
4427
4428
4429
4431
4433
4435
4452
4458
4460
4462
4465
4476
4481
4484
4488
4488
4489
4489
4490
4491
4495
4502
4502
4503
4503
4505
4510
4523
4524
4525
4528
4533
4534
4536
4536
4540
4540
4541
4541
4543
4544
4544
4552
4559
4559
4565
4568
4571
4573
4575
4577
4581
4582
4585
4585
4587
4591
4596
4596
4597
4600
4600
4610
4616
4619
4626
4634
4638
4648
4655
4656
4657
4663
4669
4669
4671
4674
4677
4677
4680
4698
4701
4702
4703
4709
4716
4717
4724
4726
4726
4726
4726
4727
4728
4730
4730
4732
4733
4741
4746
4746
4747
4760
4763
4764
4765
4765
4768
4769
4771
4773
4787
4793
4795
4802
4808
4809
4815
4820
4834
4836
4837
4837
4837
4837
4844
4854
4854
4859
4862
4862
4864
4870
4873
4875
4875
4876
4876
4879
4879
4893
4900
4901
4903
4912
4912
4920
4923
4923
4929
4929
4934
4934
4941
4949
4950
4950
4952
4957
4957
4958
4960
4960
4962
4963
4963
4967
4967
4969
4970
4985
4989
4991
4993
5000
5002
5006
5006
5009
5014
5015
5020
5021
5021
5033
5034
5036
5046
5046
5051
5051
5052
5054
5055
5059
5064
5064
5066
5070
5070
5078
5080
5084
5091
5099
5100
5102
5107
5107
5109
5114
5118
5122
5128
5132
5144
5144
5150
5151
5158
5165
5167
5170
5172
5173
5174
5175
5184
5192
5194
5200
5211
5212
5212
5220
5229
5231
5232
5236
5246
5248
5249
5249
5249
5253
5264
5272
5280
5284
5284
5286
5287
5291
5292
5294
5294
5294
5297
5305
5308
5318
5321
5322
5324
5334
5335
5342
5344
5346
5349
5352
5356
5364
5377
5378
5380
5382
5385
5388
5389
5390
5390
5390
5394
5394
5398
5402
5402
5403
5406
5410
5411
5411
5424
5425
5429
5436
5438
5441
5445
5446
5450
5451
5452
5452
5454
5455
5458
5461
5465
5467
5474
5476
5476
5479
5479
5483
5488
5489
5492
5492
5498
5499
5501
5502
5502
5503
5504
5504
5515
5515
5517
5519
5522
5529
5534
5537
5538
5541
5543
5548
5553
5554
5556
5558
5562
5564
5565
5573
5573
5573
5579
5580
5584
5586
5587
5595
5602
5604
5606
5607
5607
5609
5611
5613
5618
5626
5627
5628
5628
5631
5633
5637
5640
5640
5649
5652
5652
5653
5658
5662
5663
5663
5664
5675
5676
5678
5681
5681
5682
5683
5688
5689
5690
5690
5690
5692
5702
5702
5707
5717
5718
5724
5727
5728
5732
5737
5740
5745
5747
5748
5751
5753
5754
5764
5772
5773
5775
5780
5783
5786
5786
5788
5792
5804
5820
5821
5830
5834
5834
5835
5842
5845
5850
5866
5867
5873
5885
5886
5888
5890
5894
5896
5902
5903
5907
5912
5916
5916
5929
5935
5943
5943
5947
5955
5959
5963
5968
5975
5975
5983
5988
5995
5995
5997
5998
5998
6001
6002
6002
6008
6015
6022
6025
6028
6029
6034
6035
6044
6045
6045
6050
6051
6055
6068
6073
6074
6080
6080
6082
6087
6095
6095
6098
6099
6104
6105
6113
6114
6125
6127
6128
6131
6134
6139
6152
6158
6166
6179
6179
6180
6183
6186
6188
6192
6194
6197
6201
6210
6219
6223
6225
6225
6236
6239
6240
6249
6253
6254
6254
6256
6259
6260
6262
6262
6264
6265
6271
6271
6275
6278
6279
6279
6280
6286
6288
6288
6289
6290
6294
6298
6301
6303
6304
6304
6305
6305
6308
6312
6316
6316
6316
6324
6326
6331
6333
6334
6337
6338
6341
6342
6344
6347
6352
6354
6355
6361
6364
6365
6366
6367
6377
6380
6382
6382
6383
6384
6390
6391
6392
6396
6397
6398
6400
6401
6401
6405
6406
6407
6414
6414
6415
6418
6419
6421
6421
6423
6426
6427
6434
6440
6443
6445
6445
6450
6450
6454
6459
6463
6471
6478
6479
6487
6488
6497
6501
6510
6511
6515
6516
6518
6521
6523
6527
6528
6528
6528
6531
6533
6536
6538
6539
6540
6545
6549
6553
6555
6555
6555
6556
6556
6556
6558
6560
6561
6563
6568
6572
6576
6583
6598
6598
6599
6599
6604
6604
6610
6613
6617
6631
6632
6635
6635
6640
6650
6652
6653
6656
6656
6657
6661
6665
6672
6672
6674
6675
6676
6679
6680
6683
6686
6707
6707
6710
6715
6717
6718
6719
6722
6723
6728
6731
6735
6736
6738
6739
6741
6747
6749
6757
6759
6759
6762
6764
6765
6767
6768
6769
6776
6776
6777
6783
6791
6803
6804
6807
6813
6815
6818
6819
6824
6828
6831
6831
6834
6834
6835
6836
6838
6840
6843
6845
6849
6852
6857
6858
6858
6859
6860
6861
6861
6862
6863
6867
6870
6873
6875
6876
6885
6885
6886
6889
6891
6891
6893
6899
6902
6904
6906
6909
6916
6916
6916
6919
6929
6933
6937
6940
6941
6944
6951
6956
6962
6972
6973
6977
6978
6980
6980
6984
6984
6985
6986
6988
6990
6990
6991
6993
6997
7002
7004
7004
7007
7009
7013
7014
7018
7022
7025
7026
7032
7035
7038
7051
7056
7061
7062
7063
7066
7067
7071
7073
7076
7076
7084
7084
7091
7097
7098
7105
7107
7107
7108
7109
7116
7118
7121
7129
7132
7133
7137
7138
7148
7148
7148
7158
7159
7160
7160
7164
7166
7166
7168
7170
7170
7172
7173
7178
7187
7197
7198
7202
7206
7207
7218
7218
7219
7226
7227
7227
7231
7233
7234
7236
7244
7244
7245
7246
7247
7249
7252
7252
7253
7255
7256
7257
7257
7264
7270
7277
7283
7286
7290
7291
7292
7297
7304
7305
7314
7318
7323
7325
7325
7333
7335
7337
7338
7343
7345
7350
7351
7354
7355
7356
7364
7368
7373
7379
7380
7380
7385
7386
7387
7394
7395
7400
7405
7407
7411
7412
7418
7420
7427
7436
7437
7447
7447
7448
7452
7453
7455
7458
7472
7472
7473
7477
7481
7482
7489
7490
7493
7498
7502
7502
7504
7506
7507
7507
7509
7511
7513
7520
7524
7527
7532
7533
7534
7535
7536
7537
7540
7541
7543
7548
7553
7554
7566
7569
7569
7573
7574
7582
7582
7582
7590
7602
7604
7604
7605
7612
7613
7613
7614
7616
7618
7619
7627
7628
7628
7632
7637
7638
7640
7648
7658
7660
7662
7663
7665
7667
7669
7670
7671
7673
7675
7677
7687
7688
7694
7694
7697
7698
7702
7703
7706
7708
7709
7710
7715
7729
7729
7733
7739
7741
7743
7746
7747
7751
7760
7760
7760
7769
7770
7770
7773
7776
7776
7799
7801
7801
7801
7808
7809
7812
7815
7818
7820
7826
7833
7842
7843
7844
7845
7848
7852
7852
7872
7872
7872
7874
7874
7876
7884
7885
7889
7891
7893
7895
7900
7906
7906
7907
7908
7912
7913
7913
7913
7914
7915
7920
7922
7926
7931
7936
7937
7937
7941
7947
7951
7951
7952
7952
7954
7955
7960
7967
7969
7973
7977
7983
7990
7992
7999
8000
8001
8002
8003
8008
8012
8014
8014
8018
8019
8026
8029
8030
8035
8041
8042
8046
8046
8053
8059
8072
8075
8078
8081
8083
8083
8084
8088
8090
8094
8094
8098
8099
8103
8113
8118
8118
8119
8119
8120
8136
8137
8140
8140
8145
8151
8151
8153
8166
8167
8169
8174
8175
8179
8180
8183
8189
8191
8197
8200
8203
8211
8214
8215
8215
8215
8217
8219
8220
8223
8228
8229
8232
8236
8238
8242
8245
8246
8252
8260
8261
8262
8263
8263
8268
8270
8280
8288
8289
8290
8292
8292
8298
8305
8307
8309
8312
8320
8322
8323
8326
8329
8330
8343
8347
8347
8349
8351
8352
8353
8355
8356
8356
8356
8361
8361
8363
8368
8371
8373
8379
8382
8383
8387
8391
8394
8398
8404
8406
8407
8407
8408
8409
8413
8418
8421
8423
8426
8429
8431
8431
8434
8435
8436
8440
8440
8444
8445
8447
8449
8463
8471
8474
8479
8483
8488
8489
8501
8506
8506
8507
8510
8525
8526
8526
8528
8540
8546
8547
8551
8552
8556
8558
8561
8561
8562
8568
8573
8576
8586
8592
8593
8595
8598
8599
8601
8602
8608
8611
8611
8615
8621
8622
8623
8624
8626
8630
8633
8636
8637
8637
8639
8642
8645
8651
8656
8665
8673
8674
8676
8678
8681
8688
8706
8709
8715
8725
8728
8733
8736
8741
8748
8748
8751
8755
8757
8757
8758
8760
8765
8769
8773
8776
8777
8778
8786
8790
8792
8796
8797
8800
8801
8808
8808
8810
8818
8823
8831
8841
8848
8851
8852
8852
8856
8856
8865
8875
8881
8887
8890
8892
8897
8897
8901
8901
8901
8918
8920
8924
8924
8926
8928
8930
8938
8939
8941
8944
8945
8947
8953
8954
8954
8956
8960
8961
8968
8977
8988
8994
8996
8998
8998
9001
9006
9014
9016
9016
9017
9020
9024
9024
9031
9033
9033
9033
9048
9071
9076
9097
9097
9099
9100
9100
9104
9117
9119
9120
9123
9125
9126
9127
9130
9133
9135
9138
9141
9148
9148
9155
9161
9162
9163
9164
9164
9168
9174
9175
9177
9177
9183
9184
9184
9187
9191
9192
9197
9208
9210
9223
9224
9225
9227
9233
9238
9245
9246
9250
9268
9276
9278
9280
9280
9284
9285
9289
9290
9295
9296
9298
9299
9301
9301
9316
9322
9324
9336
9339
9357
9365
9365
9370
9371
9372
9373
9373
9374
9377
9379
9381
9390
9391
9399
9403
9404
9406
9409
9409
9410
9410
9410
9419
9423
9423
9427
9427
9432
9437
9440
9441
9449
9456
9463
9470
9470
9472
9472
9475
9475
9478
9482
9487
9496
9506
9506
9507
9507
9509
9511
9511
9512
9516
9516
9521
9523
9530
9539
9539
9540
9551
9553
9561
9563
9564
9566
9569
9570
9576
9582
9583
9585
9588
9591
9594
9599
9599
9599
9607
9617
9620
9624
9629
9639
9639
9641
9642
9644
9647
9648
9648
9651
9651
9660
9662
9663
9667
9674
9675
9675
9679
9682
9684
9687
9692
9704
9705
9710
9712
9713
9714
9716
9718
9719
9721
9723
9723
9729
9735
9736
9737
9739
9740
9745
9753
9754
9756
9766
9770
9772
9774
9778
9782
9786
9788
9794
9795
9797
9799
9799
9802
9803
9804
9809
9812
9815
9816
9817
9819
9821
9821
9823
9825
9830
9838
9840
9841
9841
9847
9850
9851
9855
9855
9857
9857
9859
9860
9861
9861
9863
9864
9865
9868
9877
9879
9880
9881
9886
9887
9889
9891
9902
9903
9904
9905
9906
9911
9916
9924
9930
9932
9935
9935
9945
9947
9956
9956
9957
9958
9959
9964
9965
9972
9972
9973
9974
9974
9974
9975
9981
9984
9984
9990
9991
9992
9995
9995
10003
10005
10017
10018
10020
10022
10030
10031
10034
10034
10035
10036
10037
10040
10042
10042
10045
10048
10049
10059
10062
10062
10069
10074
10076
10081
10084
10085
10090
10093
10100
10102
10102
10111
10112
10117
10126
10134
10138
10144
10147
10149
10149
10151
10151
10157
10159
10159
10176
10177
10181
10183
10185
10193
10196
10197
10201
10201
10208
10212
10217
10225
10227
10227
10228
10231
10231
10231
10232
10233
10237
10237
10243
10245
10245
10245
10248
10251
10253
10255
10258
10263
10265
10267
10273
10274
10283
10286
10288
10291
10292
10298
10298
10301
10302
10303
10310
10311
10311
10311
10313
10315
10320
10324
10328
10329
10334
10340
10342
10350
10353
10356
10357
10359
10359
10360
10363
10364
10376
10378
10378
10381
10397
10397
10403
10404
10404
10410
10412
10412
10414
10418
10419
10420
10427
10431
10435
10437
10449
10449
10449
10451
10461
10465
10466
10469
10472
10472
10472
10475
10480
10480
10486
10492
10494
10494
10499
10509
10509
10512
10513
10514
10519
10529
10530
10533
10539
10542
10551
10552
10568
10570
10573
10576
10581
10581
10587
10588
10589
10591
10594
10598
10601
10601
10609
10613
10621
10627
10632
10638
10644
10650
10651
10653
10659
10660
10661
10662
10663
10673
10673
10674
10677
10678
10683
10685
10693
10697
10698
10701
10703
10704
10711
10716
10718
10721
10728
10733
10735
10735
10738
10740
10742
10745
10750
10764
10766
10766
10767
10767
10768
10768
10772
10773
10774
10788
10792
10803
10806
10813
10814
10823
10826
10827
10833
10834
10837
10837
10843
10844
10847
10860
10862
10863
10866
10873
10879
10882
10882
10884
10885
10892
10894
10896
10896
10898
10898
10901
10908
10909
10910
10911
10916
10919
10921
10922
10926
10928
10935
10938
10940
10945
10946
10949
10949
10959
10961
10963
10964
10965
10965
10969
10972
10974
10974
10977
10977
10988
10991
10991
10994
10997
10999
11003
11009
11020
11022
11026
11031
11038
11039
11045
11052
11054
11055
11058
11058
11060
11064
11069
11076
11078
11079
11080
11090
11092
11096
11101
11105
11105
11106
11106
11106
11108
11113
11114
11119
11123
11124
11125
11132
11132
11133
11140
11144
11146
11146
11146
11151
11153
11155
11157
11159
11161
11165
11165
11166
11169
11189
11192
11195
11195
11196
11198
11204
11217
11219
11219
11225
11226
11231
11244
11245
11247
11253
11255
11256
11260
11261
11262
11263
11272
11274
11280
11280
11281
11283
11295
11296
11296
11297
11302
11302
11303
11303
11313
11315
11316
11316
11318
11319
11324
11326
11327
11332
11335
11335
11336
11339
11340
11340
11343
11344
11345
11352
11353
11354
11360
11360
11364
11368
11368
11373
11373
11373
11375
11376
11378
11379
11388
11391
11405
11407
11409
11412
11413
11414
11419
11421
11422
11422
11425
11425
11427
11437
11438
11439
11442
11443
11444
11460
11462
11463
11473
11476
11483
11495
11497
11502
11505
11510
11514
11521
11527
11527
11537
11550
11557
11557
11558
11560
11560
11566
11567
11576
11576
11577
11579
11586
11593
11594
11600
11601
11607
11608
11609
11610
11610
11610
11613
11614
11622
11623
11624
11624
11626
11629
11631
11634
11637
11640
11649
11652
11653
11654
11661
11668
11671
11673
11674
11678
11680
11685
11692
11693
11702
11705
11712
11716
11719
11720
11721
11723
11724
11726
11733
11741
11743
11743
11749
11752
11753
11757
11758
11762
11763
11765
11766
11778
11780
11782
11782
11784
11784
11787
11796
11797
11798
11800
11803
11805
11807
11818
11819
11832
11837
11841
11843
11847
11848
11848
11850
11851
11851
11852
11860
11861
11864
11871
11872
11876
11878
11879
11887
11890
11894
11895
11899
11903
11906
11907
11908
11909
11914
11921
11922
11923
11923
11925
11926
11927
11927
11930
11932
11938
11938
11943
11944
11946
11946
11950
11962
11966
11967
11968
11968
11968
11969
11970
11970
11971
11971
11976
11982
11986
11987
11989
11990
11992
11992
11995
11995
11998
11999
12006
12008
12012
12012
12017
12020
12025
12027
12028
12031
12031
12037
12039
12043
12044
12045
12045
12045
12059
12060
12060
12062
12065
12066
12067
12077
12078
12081
12084
12084
12087
12092
12092
12092
12098
12105
12108
12110
12119
12121
12123
12127
12130
12132
12136
12145
12148
12151
12155
12165
12165
12167
12169
12172
12178
12180
12181
12189
12190
12191
12195
12204
12211
12219
12223
12225
12228
12229
12235
12244
12259
12262
12263
12266
12269
12269
12276
12280
12286
12289
12290
12290
12291
12293
12295
12303
12307
12308
12312
12312
12316
12328
12335
12341
12348
12360
12361
12361
12362
12368
12369
12371
12374
12376
12384
12384
12391
12397
12402
12404
12404
12408
12408
12411
12413
12421
12434
12438
12438
12439
12441
12448
12459
12459
12463
12468
12468
12470
12472
12478
12478
12482
12483
12483
12492
12508
12508
12514
12514
12515
12515
12522
12523
12525
12527
12535
12538
12539
12539
12540
12541
12542
12545
12547
12549
12554
12558
12559
12567
12569
12572
12572
12574
12580
12582
12582
12583
12589
12593
12602
12604
12606
12612
12614
12615
12615
12616
12616
12617
12618
12618
12621
12623
12625
12630
12646
12647
12649
12649
12651
12652
12654
12655
12656
12658
12667
12674
12682
12685
12687
12690
12694
12701
12701
12701
12709
12710
12711
12712
12719
12722
12727
12727
12732
12738
12742
12753
12758
12759
12761
12764
12765
12769
12770
12774
12775
12778
12779
12779
12782
12783
12787
12804
12805
12813
12815
12818
12819
12820
12830
12831
12831
12834
12836
12838
12840
12840
12843
12844
12849
12853
12855
12862
12862
12875
12880
12880
12882
12889
12889
12897
12900
12906
12907
12909
12920
12924
12926
12928
12932
12932
12934
12938
12939
12941
12947
12949
12953
12953
12955
12959
12966
12967
12970
12976
12976
12979
12980
13002
13002
13007
13009
13009
13009
13010
13011
13018
13019
13023
13026
13029
13031
13045
13048
13055
13056
13060
13060
13062
13063
13066
13069
13075
13079
13079
13080
13088
13088
13095
13099
13102
13104
13105
13112
13117
13117
13121
13122
13127
13128
13130
13134
13143
13144
13147
13148
13150
13153
13155
13159
13164
13167
13167
13168
13170
13171
13173
13175
13178
13179
13183
13188
13188
13190
13191
13201
13203
13217
13219
13220
13222
13225
13225
13227
13232
13233
13233
13235
13236
13240
13240
13248
13259
13260
13261
13262
13265
13266
13279
13286
13287
13292
13300
13300
13304
13306
13309
13314
13316
13321
13324
13329
13331
13334
13337
13337
13341
13344
13346
13359
13361
13368
13371
13378
13380
13382
13383
13384
13385
13388
13389
13391
13395
13400
13403
13405
13406
13408
13410
13410
13418
13419
13423
13424
13429
13429
13438
13441
13443
13447
13449
13463
13463
13469
13472
13473
13475
13475
13477
13480
13489
13489
13491
13498
13504
13505
13508
13510
13511
13515
13516
13519
13520
13521
13521
13525
13529
13529
13532
13537
13537
13538
13539
13541
13543
13545
13547
13548
13556
13574
13575
13584
13592
13592
13600
13602
13602
13606
13614
13618
13630
13642
13643
13646
13648
13657
13658
13659
13660
13663
13663
13664
13666
13672
13672
13679
13680
13681
13692
13695
13699
13702
13703
13704
13712
13715
13716
13724
13733
13733
13734
13736
13736
13738
13740
13751
13754
13757
13761
13765
13769
13769
13774
13777
13778
13778
13779
13784
13787
13787
13793
13794
13795
13795
13797
13800
13809
13812
13815
13815
13819
13844
13848
13849
13854
13860
13864
13868
13871
13877
13882
13883
13890
13892
13892
13895
13895
13896
13897
13899
13901
13903
13907
13908
13910
13911
13916
13916
13929
13941
13947
13952
13954
13956
13959
13959
13961
13966
13978
13982
13982
13988
13989
13990
13991
13993
13993
13993
13996
14002
14004
14006
14011
14017
14018
14024
14028
14029
14036
14038
14044
14045
14045
14047
14049
14051
14058
14058
14062
14065
14072
14072
14076
14081
14083
14085
14086
14086
14087
14094
14099
14108
14109
14110
14113
14121
14122
14124
14125
14131
14137
14139
14146
14148
14151
14152
14154
14156
14159
14177
14178
14179
14180
14181
14183
14190
14193
14193
14198
14201
14209
14211
14213
14214
14217
14220
14220
14221
14222
14237
14238
14241
14251
14263
14268
14272
14275
14279
14280
14282
14284
14286
14286
14287
14289
14293
14295
14298
14299
14302
14305
14312
14312
14314
14315
14315
14317
14319
14320
14320
14323
14328
14329
14329
14333
14337
14340
14345
14349
14355
14357
14359
14362
14367
14369
14375
14380
14386
14388
14389
14392
14393
14401
14405
14408
14409
14423
14433
14440
14441
14443
14445
14447
14453
14453
14458
14459
14467
14469
14469
14477
14478
14478
14480
14481
14481
14495
14497
14499
14512
14521
14522
14527
14530
14531
14534
14539
14551
14553
14559
14559
14568
14568
14569
14580
14583
14586
14587
14592
14593
14599
14601
14602
14602
14608
14609
14609
14618
14632
14634
14635
14639
14644
14647
14651
14656
14657
14659
14662
14664
14668
14669
14676
14679
14680
14680
14681
14684
14685
14689
14690
14694
14695
14698
14698
14702
14704
14708
14709
14711
14716
14721
14721
14722
14731
14731
14732
14738
14739
14741
14743
14744
14745
14746
14748
14752
14757
14757
14759
14761
14761
14763
14773
14778
14779
14785
14789
14793
14804
14805
14806
14807
14809
14812
14812
14814
14822
14828
14830
14844
14846
14851
14855
14857
14861
14862
14865
14867
14867
14869
14870
14877
14881
14881
14886
14892
14893
14895
14903
14904
14907
14918
14924
14925
14936
14936
14937
14937
14937
14940
14942
14942
14945
14946
14948
14949
14962
14974
14979
14988
14997
15004
15007
15008
15010
15012
15018
15021
15022
15023
15031
15032
15035
15035
15038
15045
15047
15052
15055
15055
15060
15070
15080
15087
15087
15088
15089
15090
15098
15099
15099
15110
15111
15114
15116
15116
15117
15119
15122
15123
15124
15134
15134
15136
15139
15140
15147
15147
15157
15162
15162
15163
15163
15163
15164
15166
15167
15167
15170
15175
15177
15179
15186
15187
15187
15190
15191
15192
15192
15194
15195
15196
15197
15197
15200
15205
15207
15210
15214
15215
15218
15228
15235
15241
15241
15255
15255
15262
15262
15264
15268
15272
15284
15285
15291
15292
15298
15299
15301
15305
15307
15316
15319
15321
15326
15326
15328
15330
15333
15343
15348
15348
15352
15362
15370
15372
15375
15381
15384
15386
15387
15393
15393
15395
15396
15397
15398
15400
15402
15408
15409
15412
15416
15421
15424
15425
15431
15433
15433
15436
15438
15439
15439
15442
15448
15453
15453
15454
15455
15456
15459
15462
15462
15465
15465
15466
15466
15468
15471
15472
15474
15484
15489
15496
15497
15499
15499
15500
15507
15508
15511
15521
15522
15523
15529
15540
15542
15546
15547
15548
15550
15551
15555
15556
15557
15564
15574
15577
15579
15581
15582
15586
15591
15595
15601
15601
15602
15606
15608
15611
15615
15615
15616
15618
15621
15625
15627
15629
15632
15633
15633
15634
15639
15640
15643
15657
15661
15666
15667
15668
15670
15675
15678
15684
15684
15686
15688
15694
15703
15704
15706
15707
15709
15719
15723
15724
15724
15725
15728
15731
15732
15733
15734
15744
15747
15755
15756
15765
15766
15772
15775
15775
15780
15787
15788
15795
15795
15796
15797
15798
15802
15805
15811
15819
15820
15823
15836
15836
15838
15840
15841
15845
15850
15852
15856
15861
15861
15864
15869
15874
15875
15881
15884
15897
15898
15901
15901
15901
15905
15907
15910
15911
15912
15919
15919
15921
15926
15926
15929
15929
15930
15930
15933
15936
15947
15951
15959
15961
15969
15973
15974
15975
15977
15979
15979
15982
15986
15987
15988
15991
15991
15993
16004
16005
16006
16010
16010
16014
16016
16018
16018
16018
16023
16024
16024
16027
16027
16035
16039
16041
16046
16049
16052
16054
16061
16063
16066
16070
16070
16070
16075
16076
16077
16081
16082
16085
16087
16089
16093
16094
16097
16100
16103
16105
16105
16105
16120
16122
16131
16133
16138
16139
16139
16145
16148
16149
16149
16151
16157
16163
16176
16177
16179
16181
16188
16189
16193
16194
16195
16198
16201
16214
16217
16224
16225
16227
16228
16230
16231
16233
16235
16237
16240
16240
16247
16253
16257
16258
16278
16278
16281
16289
16294
16295
16295
16296
16298
16299
16303
16311
16311
16316
16321
16327
16328
16331
16339
16341
16343
16344
16346
16348
16350
16356
16357
16362
16365
16365
16370
16372
16376
16378
16379
16379
16380
16384
16384
16387
16394
16396
16401
16403
16407
16407
16413
16413
16415
16416
16419
16427
16427
16432
16450
16451
16452
16457
16458
16465
16472
16477
16482
16483
16485
16489
16495
16499
16500
16503
16505
16505
16507
16508
16517
16518
16522
16523
16524
16530
16533
16535
16535
16537
16538
16538
16542
16550
16550
16550
16551
16551
16551
16553
16555
16557
16563
16566
16567
16569
16570
16573
16579
16580
16584
16585
16592
16596
16598
16599
16600
16603
16604
16605
16606
16608
16608
16608
16610
16618
16619
16622
16623
16627
16627
16633
16643
16647
16650
16663
16663
16675
16679
16680
16686
16690
16695
16700
16702
16703
16703
16703
16708
16709
16710
16714
16716
16726
16738
16742
16744
16745
16749
16749
16752
16759
16765
16765
16767
16767
16768
16768
16770
16775
16778
16779
16781
16787
16791
16793
16796
16802
16810
16811
16813
16817
16820
16820
16822
16831
16831
16835
16836
16837
16837
16840
16840
16841
16844
16845
16849
16855
16866
16867
16869
16874
16875
16877
16877
16882
16887
16888
16893
16894
16897
16910
16911
16920
16924
16931
16934
16940
16941
16950
16962
16962
16963
16964
16966
16967
16972
16975
16977
16978
16980
16980
16982
16983
16985
16992
16992
16994
16997
17002
17003
17004
17012
17014
17015
17015
17017
17024
17025
17025
17035
17037
17037
17040
17045
17046
17048
17050
17052
17061
17063
17063
17072
17074
17081
17081
17083
17090
17090
17099
17100
17100
17104
17106
17109
17117
17119
17121
17133
17134
17142
17144
17145
17148
17162
17164
17165
17167
17170
17178
17179
17181
17181
17181
17186
17190
17190
17192
17203
17215
17218
17225
17226
17228
17230
17232
17234
17236
17239
17242
17251
17252
17254
17256
17257
17261
17261
17268
17269
17272
17274
17274
17275
17277
17280
17282
17283
17291
17300
17300
17304
17304
17313
17314
17314
17315
17319
17321
17321
17325
17328
17328
17332
17337
17339
17340
17344
17350
17355
17356
17362
17363
17372
17377
17379
17381
17381
17381
17384
17390
17395
17400
17403
17409
17415
17418
17422
17423
17427
17428
17429
17433
17434
17455
17458
17464
17464
17474
17476
17477
17478
17478
17484
17489
17494
17496
17497
17498
17499
17507
17516
17517
17519
17519
17520
17525
17526
17529
17532
17535
17538
17540
17544
17546
17549
17552
17553
17553
17555
17558
17564
17564
17571
17574
17576
17577
17579
17579
17582
17585
17589
17589
17593
17599
17600
17608
17615
17620
17621
17621
17623
17624
17625
17629
17632
17634
17639
17646
17647
17657
17660
17662
17670
17671
17674
17675
17678
17678
17679
17684
17688
17695
17697
17699
17699
17706
17706
17706
17706
17707
17712
17713
17713
17714
17724
17730
17731
17732
17734
17735
17740
17741
17748
17752
17757
17758
17760
17763
17769
17776
17776
17777
17778
17783
17799
17801
17810
17813
17813
17817
17825
17827
17828
17835
17839
17840
17847
17849
17850
17853
17857
17863
17865
17870
17873
17875
17877
17880
17883
17883
17895
17897
17899
17902
17908
17920
17920
17930
17934
17935
17935
17944
17948
17952
17953
17961
17968
17972
17973
17973
17974
17984
17985
17987
17987
17997
17997
18004
18004
18017
18017
18018
18022
18026
18029
18031
18034
18037
18037
18038
18041
18041
18043
18049
18055
18057
18058
18059
18060
18065
18069
18073
18075
18089
18094
18098
18099
18100
18103
18103
18110
18110
18111
18112
18114
18117
18118
18122
18126
18129
18130
18143
18149
18151
18152
18158
18162
18162
18162
18175
18178
18182
18187
18191
18192
18193
18194
18196
18198
18213
18214
18215
18216
18226
18227
18230
18231
18243
18244
18252
18253
18255
18255
18259
18264
18267
18268
18271
18273
18275
18275
18276
18284
18290
18291
18292
18296
18297
18298
18310
18311
18317
18319
18324
18326
18338
18338
18341
18343
18344
18344
18349
18353
18354
18355
18357
18365
18365
18369
18372
18376
18378
18379
18380
18380
18385
18385
18388
18389
18391
18392
18402
18404
18406
18406
18410
18414
18414
18417
18426
18430
18430
18432
18437
18438
18442
18444
18449
18451
18456
18464
18466
18468
18470
18473
18480
18483
18485
18485
18487
18488
18493
18495
18495
18496
18497
18502
18502
18504
18506
18508
18511
18513
18517
18523
18523
18524
18530
18532
18534
18535
18544
18545
18551
18551
18552
18557
18559
18562
18563
18564
18564
18565
18565
18572
18575
18576
18577
18583
18585
18587
18587
18588
18590
18590
18597
18599
18605
18607
18609
18609
18610
18617
18619
18622
18627
18636
18638
18639
18639
18641
18643
18646
18646
18647
18655
18657
18659
18665
18668
18675
18677
18680
18681
18683
18683
18683
18694
18694
18694
18698
18699
18703
18703
18707
18708
18711
18715
18717
18729
18736
18736
18736
18739
18745
18746
18750
18750
18751
18755
18757
18758
18770
18772
18790
18792
18793
18803
18810
18812
18813
18813
18813
18814
18819
18832
18835
18835
18837
18838
18845
18846
18848
18851
18858
18861
18865
18866
18867
18868
18868
18868
18870
18871
18888
18890
18896
18901
18903
18903
18904
18905
18911
18912
18916
18922
18923
18924
18932
18935
18949
18953
18955
18957
18958
18959
18966
18971
18976
18991
18991
18996
18998
18998
18999
19000
19000
19012
19013
19014
19015
19019
19023
19025
19025
19026
19032
19035
19041
19042
19042
19043
19049
19054
19060
19061
19063
19064
19079
19082
19083
19084
19084
19094
19095
19112
19116
19119
19122
19124
19125
19129
19132
19132
19145
19147
19147
19153
19154
19155
19155
19158
19158
19164
19165
19166
19167
19169
19178
19179
19184
19187
19188
19189
19196
19200
19201
19205
19214
19215
19223
19224
19225
19226
19227
19231
19232
19238
19240
19241
19249
19260
19262
19264
19269
19271
19280
19281
19282
19289
19297
19300
19308
19309
19311
19312
19319
19320
19327
19328
19332
19333
19334
19338
19343
19343
19344
19345
19347
19356
19362
19363
19365
19366
19367
19370
19373
19391
19401
19406
19407
19408
19413
19416
19422
19422
19423
19425
19428
19433
19434
19434
19435
19448
19450
19452
19466
19466
19469
19477
19480
19487
19489
19493
19496
19503
19507
19509
19509
19515
19517
19522
19523
19526
19528
19529
19530
19532
19535
19537
19540
19547
19552
19555
19555
19556
19556
19557
19558
19563
19564
19566
19567
19567
19569
19573
19575
19577
19578
19581
19586
19588
19589
19590
19590
19592
19604
19609
19612
19613
19613
19614
19615
19623
19630
19632
19634
19636
19638
19638
19639
19641
19643
19644
19645
19646
19650
19650
19650
19652
19652
19654
19655
19660
19665
19666
19669
19671
19671
19671
19674
19676
19679
19680
19681
19687
19696
19718
19719
19725
19730
19731
19731
19732
19733
19734
19738
19743
19744
19769
19769
19771
19771
19773
19773
19779
19786
19793
19795
19797
19804
19805
19807
19809
19818
19819
19821
19823
19825
19828
19831
19843
19846
19850
19853
19854
19860
19861
19861
19863
19869
19870
19875
19876
19878
19879
19887
19888
19890
19890
19895
19897
19902
19903
19906
19907
19910
19910
19916
19918
19920
19920
19921
19921
19921
19924
19925
19926
19926
19928
19931
19935
19936
19940
19941
19945
19948
19951
19954
19962
19979
19983
19984
19991
20008
20012
20016
20022
20024
20025
20033
20035
20038
20039
20042
20047
20057
20057
20061
20064
20072
20074
20075
20080
20081
20088
20090
20090
20097
20103
20103
20104
20109
20110
20115
20116
20118
20119
20120
20120
20123
20138
20138
20139
20139
20143
20143
20152
20153
20154
20164
20173
20173
20174
20175
20177
20177
20179
20180
20188
20206
20210
20213
20218
20224
20227
20228
20230
20238
20245
20245
20248
20251
20251
20251
20256
20258
20260
20268
20269
20271
20271
20280
20288
20290
20291
20301
20304
20304
20305
20312
20317
20321
20335
20338
20342
20344
20353
20357
20363
20369
20371
20382
20384
20385
20387
20397
20399
20402
20404
20407
20409
20413
20415
20418
20420
20421
20422
20422
20427
20432
20433
20434
20448
20455
20461
20472
20475
20477
20483
20483
20483
20493
20497
20500
20508
20509
20513
20514
20515
20518
20526
20526
20530
20532
20535
20538
20538
20544
20564
20567
20568
20571
20576
20576
20578
20579
20586
20587
20592
20592
20594
20597
20600
20604
20620
20621
20621
20622
20623
20630
20636
20642
20645
20646
20651
20652
20652
20653
20669
20671
20672
20672
20672
20681
20687
20691
20696
20701
20706
20706
20709
20714
20717
20717
20726
20726
20733
20737
20739
20743
20743
20745
20750
20752
20756
20759
20760
20766
20768
20769
20770
20770
20771
20774
20776
20789
20790
20791
20793
20794
20795
20795
20798
20799
20800
20801
20803
20803
20804
20805
20808
20809
20825
20826
20827
20830
20843
20844
20845
20846
20846
20855
20857
20862
20866
20869
20873
20873
20876
20878
20879
20886
20887
20887
20892
20895
20898
20900
20904
20904
20907
20908
20908
20909
20912
20919
20919
20921
20922
20922
20923
20925
20926
20932
20937
20938
20945
20951
20951
20955
20956
20956
20960
20962
20962
20966
20969
20974
20976
20979
20985
20989
20989
20989
20990
21003
21007
21010
21010
21012
21021
21022
21022
21024
21026
21027
21037
21037
21042
21042
21050
21055
21060
21062
21062
21065
21075
21077
21082
21083
21083
21089
21102
21102
21109
21109
21110
21115
21116
21116
21117
21121
21132
21133
21135
21138
21139
21141
21144
21149
21150
21157
21159
21159
21160
21161
21170
21173
21173
21179
21185
21189
21190
21191
21196
21197
21199
21205
21206
21211
21212
21212
21215
21219
21224
21228
21231
21245
21246
21250
21253
21255
21256
21259
21262
21264
21266
21270
21275
21278
21279
21279
21281
21292
21294
21300
21300
21302
21305
21306
21308
21313
21320
21321
21331
21334
21339
21344
21346
21347
21349
21349
21349
21351
21352
21353
21358
21364
21365
21372
21377
21378
21379
21388
21388
21390
21395
21404
21405
21406
21409
21411
21412
21414
21415
21423
21426
21431
21432
21432
21436
21438
21441
21442
21443
21448
21450
21453
21460
21463
21467
21467
21467
21467
21467
21471
21471
21477
21484
21486
21488
21488
21489
21489
21490
21497
21497
21498
21498
21498
21502
21510
21511
21513
21515
21517
21527
21527
21530
21531
21541
21543
21550
21554
21556
21563
21564
21565
21569
21574
21576
21578
21579
21580
21585
21589
21598
21601
21605
21606
21610
21614
21615
21619
21622
21628
21628
21629
21629
21631
21634
21641
21646
21650
21656
21658
21660
21665
21667
21676
21677
21685
21690
21693
21702
21703
21703
21705
21706
21712
21713
21721
21729
21734
21735
21740
21744
21749
21751
21752
21755
21755
21759
21759
21759
21760
21763
21766
21770
21773
21776
21779
21780
21783
21788
21792
21794
21794
21794
21796
21796
21797
21799
21802
21803
21803
21806
21813
21814
21818
21822
21822
21829
21834
21836
21836
21837
21838
21844
21851
21854
21856
21859
21862
21864
21866
21867
21872
21875
21877
21878
21888
21890
21891
21893
21895
21897
21904
21904
21904
21910
21918
21921
21923
21936
21938
21939
21944
21946
21950
21952
21958
21961
21962
21962
21966
21967
21971
21979
21979
21987
21989
21993
21994
21997
21997
21997
21998
22001
22003
22012
22014
22024
22034
22040
22040
22040
22042
22044
22048
22049
22050
22053
22053
22063
22065
22069
22073
22073
22074
22074
22074
22077
22080
22082
22083
22085
22086
22096
22097
22099
22105
22111
22114
22120
22123
22125
22128
22143
22153
22154
22161
22161
22164
22165
22166
22170
22170
22170
22172
22173
22179
22180
22181
22187
22194
22195
22197
22204
22210
22211
22213
22216
22217
22220
22225
22226
22228
22229
22231
22231
22236
22238
22241
22243
22249
22252
22259
22261
22265
22267
22268
22270
22272
22278
22286
22287
22288
22289
22290
22290
22294
22294
22299
22301
22302
22303
22304
22308
22308
22311
22319
22320
22325
22329
22332
22355
22356
22356
22364
22366
22366
22367
22367
22367
22368
22369
22370
22372
22374
22375
22389
22394
22396
22401
22403
22405
22406
22410
22410
22412
22418
22424
22425
22428
22434
22439
22440
22441
22444
22445
22446
22453
22458
22459
22459
22463
22466
22468
22468
22469
22473
22475
22484
22485
22486
22487
22488
22489
22498
22498
22499
22504
22509
22513
22519
22519
22523
22530
22533
22536
22545
22547
22552
22555
22556
22556
22557
22560
22560
22563
22569
22573
22576
22578
22580
22580
22591
22593
22596
22602
22603
22605
22610
22614
22617
22620
22626
22633
22633
22643
22644
22645
22646
22647
22652
22653
22656
22657
22680
22682
22687
22698
22698
22699
22699
22699
22704
22704
22717
22719
22722
22727
22737
22741
22744
22748
22748
22749
22750
22751
22752
22755
22757
22758
22759
22761
22763
22766
22768
22783
22784
22784
22788
22790
22791
22792
22797
22802
22803
22806
22806
22807
22807
22813
22815
22822
22825
22825
22833
22836
22842
22843
22844
22850
22853
22853
22863
22866
22871
22877
22883
22886
22891
22900
22904
22905
22906
22907
22908
22912
22915
22917
22917
22925
22927
22931
22936
22937
22950
22950
22960
22966
22966
22975
22975
22980
22991
23003
23004
23005
23007
23017
23018
23021
23023
23027
23043
23045
23057
23058
23063
23065
23067
23079
23081
23091
23094
23096
23105
23110
23117
23121
23125
23129
23130
23132
23133
23134
23134
23141
23141
23144
23145
23146
23146
23152
23154
23160
23160
23161
23169
23170
23171
23176
23178
23180
23186
23192
23201
23205
23206
23208
23211
23213
23214
23217
23221
23223
23224
23224
23225
23235
23237
23244
23248
23251
23252
23254
23261
23267
23272
23272
23274
23276
23279
23286
23301
23304
23306
23309
23310
23310
23312
23323
23327
23328
23340
23340
23341
23350
23353
23359
23366
23380
23382
23384
23391
23392
23395
23405
23413
23417
23420
23424
23424
23431
23431
23431
23437
23444
23447
23448
23449
23450
23450
23454
23457
23458
23464
23468
23480
23481
23487
23488
23488
23489
23491
23493
23496
23501
23508
23508
23508
23511
23513
23515
23518
23519
23520
23520
23520
23522
23527
23528
23530
23530
23532
23535
23544
23545
23549
23552
23561
23563
23573
23577
23578
23583
23583
23593
23595
23596
23599
23602
23608
23611
23613
23613
23617
23623
23624
23625
23627
23628
23630
23632
23633
23638
23640
23642
23642
23648
23651
23652
23653
23653
23656
23662
23664
23666
23672
23676
23686
23688
23693
23694
23694
23695
23695
23697
23701
23705
23707
23711
23712
23717
23717
23719
23734
23745
23754
23756
23759
23762
23773
23775
23776
23782
23784
23786
23796
23799
23802
23804
23809
23810
23810
23814
23819
23822
23823
23823
23824
23824
23826
23827
23828
23835
23835
23835
23843
23845
23850
23855
23859
23864
23869
23871
23876
23881
23883
23884
23886
23889
23893
23900
23912
23923
23924
23929
23931
23933
23946
23957
23962
23963
23965
23968
23971
23980
23982
23984
23984
23984
23987
23990
23992
23993
23995
23997
24008
24011
24013
24015
24018
24019
24022
24026
24027
24028
24034
24051
24064
24064
24069
24075
24077
24081
24090
24090
24091
24092
24096
24097
24098
24102
24102
24102
24104
24105
24105
24106
24111
24116
24120
24122
24128
24130
24131
24132
24136
24141
24156
24157
24159
24162
24167
24169
24170
24170
24178
24181
24181
24182
24184
24186
24191
24191
24193
24194
24195
24201
24204
24205
24207
24210
24216
24221
24223
24229
24229
24232
24232
24235
24236
24237
24241
24244
24246
24250
24251
24259
24260
24265
24267
24269
24272
24273
24273
24273
24284
24287
24287
24292
24294
24303
24306
24309
24310
24318
24322
24336
24337
24338
24343
24343
24345
24357
24358
24358
24359
24360
24361
24362
24364
24370
24374
24375
24376
24380
24382
24388
24390
24393
24394
24401
24403
24403
24404
24408
24410
24411
24412
24412
24416
24422
24426
24433
24438
24438
24439
24441
24459
24460
24462
24463
24465
24470
24472
24474
24476
24478
24480
24484
24487
24488
24489
24490
24491
24494
24496
24496
24498
24499
24501
24505
24519
24520
24521
24522
24523
24530
24534
24535
24535
24543
24544
24549
24549
24560
24566
24568
24584
24588
24589
24591
24593
24593
24596
24597
24600
24603
24610
24611
24614
24619
24620
24621
24622
24627
24627
24628
24638
24639
24640
24641
24643
24644
24644
24652
24654
24656
24663
24663
24665
24667
24668
24670
24670
24672
24674
24682
24683
24695
24695
24696
24705
24708
24714
24718
24719
24723
24730
24736
24737
24741
24744
24750
24751
24751
24755
24755
24758
24758
24760
24768
24769
24771
24771
24780
24783
24804
24812
24816
24819
24819
24820
24826
24829
24833
24833
24841
24841
24843
24845
24848
24852
24852
24857
24863
24865
24866
24870
24870
24872
24879
24880
24882
24882
24883
24899
24902
24904
24909
24913
24922
24924
24926
24927
24931
24931
24932
24934
24935
24939
24943
24948
24952
24953
24959
24959
24962
24967
24971
24973
24975
24984
24984
24986
24999
25004
25014
25019
25019
25020
25021
25022
25022
25023
25024
25024
25034
25034
25034
25041
25044
25045
25048
25048
25050
25055
25060
25061
25063
25066
25066
25070
25085
25085
25086
25086
25091
25093
25099
25100
25108
25114
25116
25117
25123
25126
25135
25147
25148
25160
25161
25168
25171
25181
25181
25185
25194
25195
25195
25197
25197
25198
25201
25202
25203
25203
25204
25204
25205
25205
25206
25207
25216
25229
25234
25237
25244
25249
25251
25254
25256
25258
25264
25266
25274
25277
25281
25293
25300
25305
25307
25310
25311
25313
25321
25323
25323
25328
25329
25333
25338
25345
25350
25359
25359
25360
25361
25361
25368
25369
25371
25372
25374
25376
25379
25382
25382
25384
25388
25390
25391
25414
25415
25425
25430
25432
25433
25435
25435
25441
25443
25449
25455
25456
25461
25462
25465
25466
25469
25474
25474
25489
25502
25512
25513
25518
25519
25519
25527
25537
25538
25539
25543
25546
25546
25547
25553
25553
25554
25556
25559
25560
25571
25584
25584
25589
25590
25591
25591
25591
25593
25595
25596
25609
25610
25613
25616
25617
25622
25625
25626
25630
25631
25636
25641
25642
25643
25646
25648
25650
25652
25653
25654
25654
25663
25664
25664
25664
25665
25666
25667
25668
25670
25677
25677
25679
25679
25682
25683
25690
25692
25692
25699
25704
25706
25709
25709
25713
25717
25720
25721
25730
25738
25739
25741
25741
25746
25750
25751
25755
25759
25760
25763
25767
25769
25770
25773
25780
25780
25785
25787
25796
25798
25799
25801
25802
25807
25815
25820
25822
25827
25828
25830
25837
25844
25847
25847
25848
25854
25860
25867
25867
25871
25873
25881
25883
25886
25895
25898
25899
25901
25902
25909
25911
25912
25912
25919
25919
25920
25921
25921
25925
25931
25931
25932
25932
25934
25946
25963
25965
25974
25975
25976
25980
25980
25982
25988
25993
25999
25999
26000
26001
26002
26016
26019
26020
26021
26025
26029
26029
26031
26038
26044
26046
26048
26049
26050
26068
26079
26088
26090
26094
26096
26098
26098
26105
26106
26109
26126
26128
26130
26130
26134
26136
26138
26139
26142
26143
26149
26151
26158
26162
26162
26162
26170
26172
26174
26178
26179
26180
26182
26189
26191
26191
26192
26194
26197
26199
26204
26206
26208
26209
26215
26217
26217
26219
26226
26228
26230
26230
26231
26234
26234
26235
26236
26236
26236
26239
26239
26243
26244
26247
26251
26252
26253
26254
26263
26263
26268
26271
26274
26275
26278
26279
26288
26289
26290
26291
26295
26295
26295
26297
26301
26302
26303
26306
26314
26314
26316
26318
26318
26320
26324
26327
26329
26332
26341
26346
26346
26348
26354
26359
26360
26364
26376
26377
26379
26381
26386
26393
26406
26407
26408
26408
26411
26412
26415
26416
26418
26418
26420
26425
26426
26428
26433
26434
26435
26441
26442
26442
26446
26447
26457
26461
26462
26464
26475
26481
26482
26487
26488
26490
26495
26498
26502
26506
26515
26520
26521
26529
26529
26531
26533
26538
26538
26545
26545
26551
26552
26557
26558
26559
26561
26567
26570
26571
26577
26577
26580
26587
26587
26590
26590
26591
26594
26595
26597
26597
26604
26606
26608
26610
26611
26615
26617
26619
26621
26631
26632
26633
26645
26645
26650
26651
26657
26658
26659
26662
26662
26669
26671
26672
26676
26680
26686
26687
26689
26693
26695
26701
26701
26703
26706
26711
26715
26723
26727
26728
26733
26744
26746
26750
26753
26767
26768
26769
26769
26771
26772
26772
26772
26781
26783
26785
26790
26795
26798
26804
26807
26809
26813
26819
26820
26822
26822
26826
26828
26829
26832
26837
26844
26845
26848
26850
26851
26856
26862
26870
26870
26871
26879
26879
26881
26882
26888
26900
26901
26905
26911
26912
26914
26915
26917
26917
26923
26925
26925
26933
26936
26937
26939
26941
26948
26949
26950
26961
26963
26964
26970
26970
26970
26972
26977
26977
26982
26983
26985
26987
26987
26988
26991
26993
26994
27001
27008
27008
27013
27014
27016
27016
27023
27023
27023
27024
27024
27025
27026
27030
27032
27033
27037
27039
27040
27052
27053
27060
27062
27062
27064
27068
27071
27073
27074
27083
27083
27085
27085
27091
27094
27095
27096
27097
27098
27099
27103
27109
27113
27122
27129
27131
27138
27154
27156
27157
27164
27164
27173
27173
27178
27183
27185
27187
27187
27187
27189
27191
27193
27201
27207
27210
27210
27215
27216
27216
27218
27233
27236
27237
27238
27243
27243
27245
27245
27246
27250
27250
27253
27253
27255
27262
27264
27269
27275
27277
27282
27284
27286
27290
27293
27295
27299
27315
27316
27318
27321
27322
27331
27335
27335
27335
27336
27337
27345
27352
27353
27358
27360
27360
27361
27361
27365
27373
27375
27378
27379
27380
27383
27387
27399
27400
27400
27406
27407
27408
27411
27412
27418
27421
27421
27423
27426
27431
27432
27432
27441
27444
27447
27452
27453
27454
27454
27464
27465
27465
27467
27473
27477
27479
27483
27486
27486
27487
27488
27494
27501
27501
27506
27515
27524
27526
27535
27535
27536
27537
27539
27544
27558
27560
27562
27572
27576
27578
27583
27585
27589
27589
27590
27601
27601
27602
27610
27612
27621
27625
27631
27636
27662
27663
27664
27666
27669
27671
27672
27676
27682
27688
27690
27720
27721
27721
27729
27734
27735
27741
27742
27750
27751
27751
27753
27754
27757
27758
27758
27761
27761
27765
27767
27768
27771
27773
27773
27778
27789
27800
27801
27804
27806
27807
27815
27817
27821
27821
27822
27823
27826
27831
27850
27853
27854
27871
27873
27882
27890
27890
27894
27895
27896
27901
27904
27904
27905
27907
27907
27910
27915
27915
27917
27917
27927
27928
27928
27928
27929
27930
27931
27936
27937
27938
27941
27942
27943
27947
27965
27965
27966
27971
27976
27978
27980
27982
27983
27990
27997
28002
28004
28005
28006
28012
28012
28014
28015
28017
28018
28018
28021
28023
28025
28030
28032
28035
28036
28042
28042
28043
28046
28046
28048
28056
28058
28059
28067
28067
28069
28071
28076
28076
28083
28085
28088
28092
28099
28100
28110
28112
28115
28117
28132
28135
28136
28138
28140
28145
28151
28153
28157
28161
28161
28164
28168
28171
28172
28172
28183
28186
28187
28187
28187
28188
28192
28192
28192
28192
28198
28202
28204
28207
28208
28209
28210
28212
28214
28215
28222
28223
28228
28228
28242
28245
28247
28253
28258
28264
28265
28266
28269
28269
28270
28276
28283
28289
28291
28294
28296
28297
28298
28301
28304
28308
28311
28311
28315
28319
28320
28321
28322
28324
28329
28331
28333
28334
28335
28335
28340
28348
28350
28350
28354
28356
28358
28362
28364
28372
28380
28382
28383
28385
28387
28389
28392
28394
28395
28395
28398
28401
28402
28406
28406
28411
28418
28419
28420
28426
28431
28433
28438
28440
28440
28445
28446
28449
28450
28451
28457
28463
28466
28467
28467
28468
28481
28483
28485
28493
28496
28497
28504
28505
28506
28506
28510
28512
28513
28514
28514
28521
28521
28524
28525
28531
28541
28548
28556
28559
28561
28563
28563
28563
28566
28569
28577
28579
28583
28584
28586
28589
28591
28601
28604
28605
28611
28615
28616
28619
28620
28626
28630
28630
28630
28630
28630
28633
28635
28637
28642
28643
28643
28643
28647
28647
28652
28659
28663
28668
28673
28674
28675
28677
28679
28680
28684
28687
28693
28704
28721
28721
28722
28722
28729
28732
28738
28741
28742
28742
28745
28746
28746
28749
28752
28756
28759
28767
28768
28770
28771
28772
28773
28773
28774
28775
28776
28781
28788
28790
28794
28807
28816
28817
28818
28823
28824
28825
28825
28831
28832
28834
28836
28840
28841
28844
28845
28845
28846
28849
28851
28853
28859
28861
28861
28863
28869
28877
28880
28886
28887
28888
28889
28890
28890
28891
28892
28892
28899
28901
28906
28906
28908
28909
28914
28920
28920
28922
28928
28929
28931
28932
28935
28935
28935
28939
28939
28941
28944
28946
28950
28954
28955
28963
28970
28976
28981
28986
28995
29003
29005
29006
29011
29013
29014
29020
29024
29031
29035
29046
29048
29050
29054
29054
29056
29057
29057
29058
29065
29067
29068
29071
29074
29074
29076
29076
29080
29085
29088
29089
29093
29094
29096
29103
29107
29108
29127
29133
29133
29142
29144
29152
29152
29156
29157
29158
29161
29167
29167
29168
29170
29172
29177
29179
29182
29184
29185
29187
29188
29197
29198
29200
29201
29204
29209
29210
29211
29213
29214
29215
29215
29218
29219
29219
29222
29228
29229
29237
29238
29240
29251
29254
29264
29264
29269
29274
29277
29280
29284
29285
29286
29288
29291
29292
29295
29300
29300
29301
29303
29305
29307
29308
29310
29322
29324
29324
29325
29328
29328
29334
29335
29338
29339
29345
29354
29356
29357
29359
29360
29360
29362
29363
29364
29367
29373
29377
29380
29381
29383
29387
29388
29394
29396
29402
29404
29404
29405
29419
29421
29436
29446
29446
29459
29460
29461
29466
29470
29473
29478
29479
29481
29485
29490
29491
29491
29494
29501
29501
29506
29507
29514
29516
29517
29517
29523
29526
29527
29543
29544
29552
29554
29556
29558
29561
29565
29567
29570
29571
29571
29573
29574
29588
29594
29594
29599
29600
29611
29612
29612
29613
29616
29617
29626
29628
29631
29632
29632
29635
29643
29649
29653
29659
29660
29663
29664
29669
29670
29676
29676
29683
29688
29689
29697
29697
29699
29703
29704
29721
29722
29728
29729
29735
29748
29749
29749
29756
29757
29765
29770
29773
29775
29783
29792
29793
29794
29797
29798
29798
29799
29801
29801
29809
29810
29812
29813
29819
29825
29828
29833
29833
29833
29834
29836
29836
29840
29845
29846
29848
29856
29857
29858
29860
29860
29861
29866
29871
29871
29871
29874
29875
29876
29876
29878
29879
29882
29882
29891
29892
29892
29893
29903
29906
29908
29911
29913
29914
29914
29919
29923
29931
29931
29932
29933
29934
29939
29942
29943
29945
29948
29951
29960
29962
29969
29969
29973
29976
29979
29988
29992
29992
29995
29997
29998
29999
30000
30006
30008
30013
30022
30023
30028
30030
30039
30040
30042
30042
30044
30045
30056
30058
30071
30072
30073
30079
30086
30095
30098
30100
30101
30110
30112
30118
30118
30118
30120
30124
30124
30125
30125
30132
30132
30135
30136
30137
30146
30150
30154
30155
30163
30164
30165
30166
30167
30169
30173
30175
30178
30188
30189
30191
30197
30197
30203
30207
30211
30223
30224
30226
30226
30227
30227
30230
30233
30242
30244
30248
30249
30253
30255
30256
30259
30268
30268
30272
30275
30278
30288
30299
30306
30307
30320
30321
30325
30327
30328
30333
30334
30335
30335
30343
30344
30351
30361
30368
30369
30371
30372
30376
30383
30388
30392
30393
30394
30394
30395
30395
30396
30397
30401
30401
30410
30417
30417
30418
30420
30427
30430
30431
30432
30433
30436
30449
30452
30461
30461
30462
30470
30474
30474
30484
30486
30500
30501
30510
30510
30511
30513
30515
30518
30525
30532
30535
30541
30543
30544
30545
30551
30554
30555
30556
30557
30560
30565
30575
30577
30577
30577
30577
30578
30578
30580
30598
30601
30604
30608
30610
30613
30614
30615
30616
30617
30618
30621
30630
30634
30636
30639
30640
30644
30656
30659
30662
30663
30663
30666
30669
30669
30675
30679
30680
30685
30685
30685
30687
30688
30689
30690
30691
30695
30703
30704
30708
30709
30716
30719
30720
30722
30724
30725
30726
30731
30735
30737
30750
30752
30753
30762
30768
30773
30777
30784
30786
30787
30795
30798
30801
30810
30812
30813
30825
30825
30827
30833
30846
30856
30862
30872
30878
30880
30884
30885
30889
30889
30892
30893
30894
30894
30895
30898
30898
30905
30906
30906
30908
30914
30917
30922
30922
30929
30929
30934
30937
30937
30941
30946
30950
30953
30963
30966
30971
30971
30975
30981
30981
30982
30985
30986
30990
30995
31002
31013
31015
31027
31028
31029
31035
31038
31042
31049
31052
31053
31058
31060
31060
31063
31068
31073
31081
31083
31085
31087
31092
31092
31095
31096
31097
31108
31109
31116
31116
31122
31124
31125
31127
31131
31133
31137
31146
31146
31146
31151
31153
31154
31163
31164
31165
31166
31171
31171
31171
31175
31175
31175
31176
31177
31177
31178
31182
31183
31185
31188
31190
31193
31198
31199
31212
31215
31217
31226
31246
31246
31247
31248
31250
31250
31255
31269
31271
31276
31278
31281
31281
31282
31283
31284
31287
31291
31301
31302
31312
31320
31320
31323
31326
31328
31331
31334
31345
31345
31346
31346
31347
31354
31355
31356
31362
31364
31364
31364
31365
31368
31368
31379
31380
31383
31386
31387
31391
31393
31396
31398
31413
31424
31432
31436
31444
31445
31462
31465
31467
31476
31480
31482
31484
31485
31486
31486
31487
31487
31490
31490
31492
31493
31493
31506
31509
31512
31516
31517
31520
31520
31523
31525
31527
31527
31531
31533
31535
31535
31538
31540
31543
31546
31549
31549
31549
31551
31555
31555
31566
31572
31579
31579
31580
31581
31581
31583
31589
31590
31593
31593
31600
31602
31613
31615
31622
31623
31623
31624
31626
31626
31628
31628
31628
31631
31644
31644
31645
31656
31661
31661
31662
31666
31668
31668
31668
31669
31680
31682
31686
31692
31693
31695
31702
31705
31709
31710
31715
31715
31718
31721
31722
31729
31731
31733
31735
31738
31738
31740
31741
31743
31746
31749
31753
31756
31756
31769
31769
31772
31774
31781
31782
31791
31792
31798
31800
31802
31805
31809
31811
31813
31816
31821
31824
31826
31830
31835
31843
31849
31856
31857
31862
31862
31864
31865
31867
31875
31883
31891
31891
31894
31897
31897
31902
31908
31910
31915
31915
31930
31934
31945
31946
31948
31952
31954
31955
31964
31965
31971
31977
31979
31979
31980
31984
31984
31986
31987
31988
31990
31991
31996
32000
32000
32003
32003
32003
32003
32019
32021
32023
32026
32036
32036
32038
32040
32040
32044
32050
32052
32053
32053
32056
32058
32064
32068
32070
32072
32074
32077
32086
32087
32088
32092
32097
32103
32108
32111
32114
32121
32121
32126
32130
32133
32134
32139
32140
32144
32147
32152
32152
32153
32153
32156
32158
32162
32162
32170
32174
32175
32178
32180
32188
32193
32196
32200
32202
32203
32204
32213
32213
32215
32217
32219
32224
32230
32235
32237
32239
32239
32241
32244
32249
32262
32262
32264
32266
32267
32267
32269
32270
32271
32274
32280
32283
32288
32295
32305
32311
32317
32321
32322
32328
32332
32338
32340
32343
32344
32348
32351
32352
32356
32362
32376
32377
32384
32384
32385
32386
32394
32397
32402
32404
32406
32408
32415
32416
32423
32424
32432
32435
32440
32443
32447
32449
32454
32454
32460
32461
32461
32464
32465
32470
32473
32477
32480
32496
32497
32499
32499
32501
32505
32510
32513
32513
32513
32514
32519
32521
32539
32539
32544
32544
32548
32549
32553
32555
32557
32559
32560
32569
32571
32575
32576
32577
32588
32594
32596
32599
32599
32600
32610
32611
32611
32611
32611
32613
32617
32618
32626
32627
32630
32635
32637
32642
32651
32652
32658
32659
32659
32669
32681
32681
32682
32692
32701
32701
32701
32702
32704
32707
32714
32718
32719
32720
32725
32726
32729
32731
32735
32736
32741
32746
32747
32764
